1000 8918
125711.660000
67180 80390
48520 -62130
-69474 73297
-86896 -83854
25615 -9997
-59197 -76022
52569 62036
38106 59268
-88678 -20451
64163 96020
68034 3966
-90594 3040
30998 8224
39194 -15642
62250 32136
48121 -40868
61633 6445
-41674 40915
12309 -53790
72869 -31906
64263 48210
-68924 63527
-83831 76335
24484 37774
-6523 87370
4856 -63688
-20092 -12472
-73438 61255
99024 15407
-85328 -84886
-21066 -44942
-4913 9480
-80627 -79190
63582 15714
69889 -31221
82319 -5561
-31174 -85547
-31813 -7334
-16650 79136
-73656 -7649
10143 -56839
75454 66312
-29802 51245
87479 -50566
63785 -55746
-58522 81008
35168 74482
44350 -19957
99178 -10754
-26331 -69778
-21443 34522
-27176 78984
-29723 -59878
68035 3591
44349 12823
68425 88457
-26666 -63891
-7778 49244
30213 -68391
99252 22587
-49387 -22124
25304 41712
-32309 50269
-43599 -49305
-25687 9826
98724 -65208
6462 -69115
-24090 -95704
1405 60365
-67779 35193
-11660 31463
22800 -78144
79421 -87486
-17741 29250
-90184 -37136
16421 -41402
73684 -75487
-51380 -57280
-39358 35700
71228 70804
86405 1634
7908 51542
-72624 77528
-52110 5340
92309 -17120
-51876 -61726
49743 -82425
77546 9591
26288 -31760
-48840 -54139
-52634 -92524
-10342 -3439
-87249 63053
-54894 3630
73469 23729
34223 74681
-72304 -36867
44054 -69080
43871 -30320
-95716 -77780
97416 -84785
36117 54402
42287 45779
46768 8105
-40521 -57475
-75284 31947
-13772 -40823
-86863 -77712
-26814 76158
56579 -60632
-68205 -74707
-90142 93999
-42788 -98964
36011 49551
-93353 97019
-31111 41839
55530 68557
-89672 -50959
-52069 26234
83361 91825
94639 65821
62129 37807
-90552 -92278
-55672 69752
24423 -80346
5397 63373
-97538 93909
96329 17187
10536 42556
71062 23411
-61403 -16646
53049 -77731
-90837 80306
4952 -64427
-78696 -72603
51524 -80581
48852 70525
38588 -90323
15853 -53887
-59143 90756
-15087 84885
-78047 21716
-3269 -93597
29637 -29109
25434 44252
18876 6110
-17214 44631
-69496 -31416
-40421 -8600
69940 -2589
-12892 11021
66222 56504
96795 34014
-21713 88332
-85035 53238
-63983 -88540
-3454 83928
-29421 -76105
31243 -13078
90337 -63965
-27881 50139
-47348 -9861
-73279 -18547
-99697 -56413
-72398 83233
88099 86617
-19183 43444
-5930 -45083
-17727 -82987
14658 -39911
-71430 15980
58096 63493
64956 -19024
-21984 -36905
90723 11154
45176 54849
72947 37025
33857 89192
82327 3637
44956 32318
-59563 12114
-28391 81152
28823 -29694
-4243 -40646
82316 12512
-51447 -11528
57597 42463
-55791 -31222
-28764 33202
-94197 4017
59473 -86640
55623 -50263
-91310 95742
20885 38177
69968 61200
-13316 22744
99852 -53854
-91290 -18823
28732 91635
83726 56180
-99759 -21343
22920 75512
47938 -9001
-17092 -11391
70959 99836
53993 -6371
-82184 -56473
43718 68585
81478 -24155
43001 -83890
-43171 -97650
96782 -9595
22844 -5373
54013 20497
5229 51526
87617 -52404
-40217 -4095
-73793 64241
68088 97554
-59429 14061
63250 -75693
-16657 -74895
-98343 51397
3703 -99571
81689 -51506
72789 3428
74931 43271
19444 68115
99802 74312
16480 79597
-68692 -3918
-36261 36894
72660 -94865
-69338 41747
59297 -65370
74455 6255
-50152 -57899
-85656 49761
90193 7246
74683 -86457
-41997 -55494
9354 83230
-76719 -647
87849 90538
46552 81913
90696 93103
36113 53304
-88038 89211
72420 48289
42286 -49711
89841 7450
-43739 -96952
-43465 69042
-26513 -43107
49053 -80556
-39267 -46469
2457 -46614
-65372 -97961
67041 23203
-89445 -55111
72556 -26639
-20892 34064
-31565 51156
-70051 65929
5686 68222
-58454 96976
28303 -19438
-70133 -45149
16109 83187
-63254 -56567
20983 67020
-17406 22354
30945 -13824
-74098 99589
94402 46907
87284 4866
83137 54663
-13659 46853
41152 42181
-79711 -71451
-1300 -46100
45782 86225
13283 -42527
27074 66656
64244 2862
74166 -15059
-277 -19829
-9123 50819
-39323 21348
-27764 64987
73165 -71934
5039 93781
88150 49401
12481 -38764
48698 11106
-90439 41295
-61878 4347
36936 -53239
69867 56583
6784 31741
-60650 -17605
-87936 -72156
-54259 86960
91775 39621
48301 76046
-63608 -75530
92786 59619
54917 -64724
-466 -8443
-32049 69769
-96394 -70188
-50939 22456
-90929 16173
37746 -93506
-12255 -69232
-52451 -42795
-37433 -55213
79272 -246
38000 -49230
-74401 35659
90184 -88442
-13126 -85940
-66126 -65403
60039 49969
-60005 37792
95381 -53099
-15777 -80628
91669 -19926
58461 -13137
38214 93359
84228 -2992
-74267 79176
-13039 39442
-236 -17167
24447 -22727
-19760 64517
38227 77842
22965 -36930
52939 -55421
-94912 89830
74679 -79253
-85270 -99697
-16586 -43569
-39591 -32718
5868 38641
-11083 90390
37930 -49561
67454 -61273
60958 -95278
-3929 -54981
92467 -15926
55087 12946
80508 62171
-67907 50140
-96400 92599
32844 -66784
73362 -47740
95822 16083
6584 27469
49013 45054
19839 -1125
90093 77310
-347 -66721
-39276 97655
-96852 98388
-48869 -84408
-44538 -73508
-73894 964
17374 46748
25143 47375
19550 9660
16880 78179
-18389 47852
80869 59289
71348 -65240
-57069 -66496
-30509 35530
5420 -4768
-69188 18612
95212 -68318
-55848 -34723
18044 -22878
34985 99729
-36938 -72990
-65838 -15850
14117 -429
-63349 -81854
38399 -34689
-70533 79396
54825 -8617
86290 18110
-17615 60242
-78533 89946
35798 -41581
82257 -35245
-79936 -50869
7617 -57209
-93346 -18987
68003 77434
57908 -36729
-75794 97453
-13845 39687
67077 -31268
22175 59408
-66958 46062
48670 -31908
75852 -37264
-98285 -54585
35615 34572
-74170 3869
-88325 62761
-35537 47572
25501 81883
-34461 -97485
-52128 -5438
50816 11685
-11608 -15192
-59705 56128
-30537 83719
-67527 -60058
-90763 76758
-64006 -39419
-85926 44994
-70829 81818
96318 6290
-38914 -88967
-12111 -21433
-57532 85562
55704 57000
77939 79871
-90168 -36390
-58039 -48090
76 -35572
-42288 -89005
-74062 43781
-34787 -82779
9116 -4316
74576 96791
78042 25793
-43697 49683
43210 61673
99751 -69725
-19795 31110
86820 -5295
-73712 -67651
27678 -27816
-22047 -40778
-32835 -70746
53556 56462
-46898 51966
53288 5217
-98225 65737
29617 6003
40899 -75898
29587 -12793
-86723 20502
-70147 59016
11409 -87120
99890 -85773
-81154 69346
28534 70297
78702 -67137
21843 -58462
-51418 -34003
70214 -35200
25762 -28902
94587 -17334
69088 -12459
29890 96152
-61549 -1465
-45172 -23694
52944 12270
-52974 57275
-46066 10356
-18457 -2661
-76057 38389
1801 82702
99165 -18944
12925 -9289
2560 91929
17989 -15586
83111 -46735
45634 -19919
-47350 34619
68424 34167
73532 -92056
30608 26625
21732 11004
85006 -77951
-78296 -53812
8899 50208
83558 46186
67903 11004
-80441 49194
99505 20968
15867 77566
-21192 32699
-80224 44449
-89656 -9505
-17920 -40718
66213 44189
4497 -7319
80565 581
-86095 -95779
67467 99651
31575 -49144
37395 -96030
37465 -48991
-23327 2443
53789 -75492
-72112 -78433
60010 72190
77857 74240
6231 -52591
-29122 41038
-84937 -9560
-52418 -2936
-75245 52435
75482 -12228
-66962 -40029
47820 -6819
56805 40213
24362 -29284
-20824 26564
47537 99625
-264 35555
-23370 -90266
48514 69642
-57265 85308
61760 -91850
-18961 -58801
-23229 19181
41141 -50992
-16600 7021
51022 48311
36515 67974
2895 -58837
-20348 36388
83747 23418
91654 97814
-20859 71041
-3875 -77648
16733 -19606
98514 12397
-93601 8764
65748 9018
-6181 33852
18092 50015
-28540 66283
-4545 43395
-63020 -18057
7656 95212
81373 30617
1945 26038
26067 29378
61634 -42903
72359 41571
-20736 -27420
33490 -53849
5860 -90996
-11515 -29233
71685 -70158
29590 -78550
-43923 -86399
-15552 3277
-91866 12572
48399 74642
-16564 -25452
25157 18025
-59431 4927
38254 -48606
27589 93838
-40500 -95276
-95899 -79333
29129 -12235
-80121 52357
-97651 86890
6984 67904
-45969 27419
72342 51507
-81703 7405
95871 -9967
61767 49240
48967 -69139
-28759 27577
-46507 -87964
59777 53624
-66964 -72401
68300 96405
-6064 2578
43951 -43584
-49973 36937
-94278 -56253
-33172 3179
43199 36050
-60853 56410
-91201 -33958
11000 -53417
47408 -82376
-94038 25818
-79169 25177
-55980 71064
20066 97215
-47377 15280
53299 74505
-6434 94543
-78518 -35260
26037 83246
-95176 10839
-31598 -89945
-32652 4064
59310 92702
-84174 12718
-62188 7768
-76922 15232
26363 -95271
-56192 -4169
-31846 -61821
-56219 75098
-20585 -31981
83420 27911
96581 -67419
84424 -37919
39479 94665
48591 -18922
-36629 -60601
91680 54018
81276 -66917
47375 -54760
85199 -44813
-81412 79914
10710 99828
78216 91768
48954 98987
-17399 -20632
20067 -53434
-37840 71604
40296 -42226
-23968 -23231
-53176 -9608
24855 55249
39513 -84009
23587 63451
-72317 4971
-30001 -37385
92686 -4373
-54415 -19012
31356 -93477
-23889 43475
-58500 -59380
90439 65324
36156 -179
-14094 -60940
76519 29945
-26515 -41643
28508 12603
-73433 -66589
-82292 -80976
-76688 -10938
-7590 -47095
-53414 -7843
-69059 13896
-29329 -18700
98804 -12998
36766 86301
-22584 -93497
-3249 74200
-86200 6927
-99914 -60981
-69656 -26538
-74444 -99427
-88830 24423
87204 93043
-51871 77967
53427 52508
-57597 -20330
-13744 96932
-74318 -64710
67263 27729
52016 94949
-13116 -38352
7499 -23593
15583 76640
77090 66870
75389 43995
-38454 -22947
-47441 -92951
-89885 -65712
-13129 60750
-86177 -54529
-80542 -58505
-10322 89027
-2809 87109
-40998 -21889
-82731 80046
-45194 44334
-24070 14023
-66063 -99929
92847 -75980
33482 -85299
84488 56858
96935 88289
8748 43124
-27945 -30360
63732 40615
22789 -35087
-29228 -20131
-67698 5153
-83186 44074
49958 38889
19268 -7691
88771 -13033
2435 13843
-40972 41748
96347 -63771
37608 -6342
72419 -39656
77355 -52304
99282 89935
66846 66657
-47027 -85624
19489 -5763
-81667 -56587
48499 -18674
-252 -8729
-85755 46931
-42458 -7865
99785 11355
28970 -20569
-64468 22120
82165 -95332
30499 -60505
82313 -22928
-51770 96804
68673 10697
72832 22011
-30771 -4765
67804 -89951
77934 77081
-92777 72932
-34949 -33565
-43022 55912
61565 74048
-3097 -16227
-52486 -20022
-93907 -78698
-1874 -37865
46735 70887
21255 -7249
-43962 -67823
663 -50312
-53726 39940
6841 -32799
7259 38927
-75356 48603
50258 85337
95560 89712
-97580 21522
79175 -31034
-76783 44094
79977 3553
-18580 -78965
-10642 -89270
-30412 27511
11283 66151
-72525 91912
-36837 86225
4798 -25223
-13746 -97854
57287 -35047
-82814 6847
-7550 -78457
5531 11430
-51878 28859
-19654 76930
-73393 93991
-97330 -51105
-7507 60128
-29299 32380
9940 -89828
62449 -63280
72940 -86811
-43078 37081
-65930 64794
73100 -84413
40253 -47897
-19977 27728
-88147 81961
-11847 -45244
-44329 -41947
-51771 29143
-60429 37897
98274 -10367
-29183 -39476
28975 -10181
-10957 8408
31674 -94423
-17262 -35886
-54623 -53666
51952 3299
16985 57685
52173 3385
66411 -46499
24253 -67150
6950 -12822
-84641 -48180
-73484 -62661
87717 93591
78222 92694
-12343 56277
-42691 78071
-17819 19765
-47818 -15943
86755 88413
-63256 -62643
-46253 53228
-88523 -87124
-35767 12086
63123 87502
65976 -48016
-34306 10934
63840 15204
58789 48711
98637 24434
-83469 -37676
-68649 32910
-42537 -88773
22031 -82894
39019 48067
-22615 3669
-97879 13780
-2118 49157
-46288 -57909
63314 -25134
-52311 -10379
-28887 -71416
-37633 -93649
60650 79813
20295 87165
-31804 12144
71447 -47971
62003 -5208
45776 35959
-35408 -88073
92896 -88835
-35820 16785
46512 46690
99419 84604
19527 1483
-2103 -7065
79622 -4875
58712 57198
-23524 -63038
36127 96224
50737 -77790
74713 1379
75371 -907
33009 -96560
-86939 31496
-75144 72052
47363 -34990
-89844 -27766
-91840 59944
21872 57674
-42394 36186
81368 14351
-24057 49931
70231 27672
57799 29579
81132 -77693
-17828 -60104
77293 72493
4941 32371
-89627 -51839
59701 -10461
-71129 58420
-57930 -31069
61993 86432
21851 19465
-96394 -39493
-37636 57956
83644 41649
63158 28744
8258 -78240
34447 42240
28557 66836
-58500 -80364
9555 54991
92951 -330
-68567 85632
68638 -34770
-96198 87163
65081 -67019
75975 -51653
92462 5255
-61605 -39486
-68943 38627
73512 -77603
-75436 -52070
-45730 -85807
-87349 29192
57588 -22854
2908 -8649
86273 -24493
75273 -53354
79749 -65113
91692 79973
-26334 15109
7248 -17445
18741 66778
51869 48925
-70303 -22399
2311 -80106
-69776 -78175
64154 22783
89313 -15270
96545 17825
-25300 42630
-1150 -31606
69617 -11702
-17692 -52268
40568 28881
-81756 -82614
-51088 38211
-67862 3091
-53271 -84715
37150 -30319
-19987 -88302
-57908 83746
36579 63969
64511 87413
93393 -69339
-51849 -91275
-82938 4837
-72514 9954
4177 790
1548 -22783
-48632 27804
32847 41004
-74627 -61518
-70431 63349
43360 75979
-47192 -75027
36913 45546
84657 5083
76371 -65828
-19309 74755
5663 -38806
84769 -10984
44736 -95551
572 4068
75784 4713
49885 -8111
-9166 -52507
-79583 75004
74706 37826
33204 -92613
63685 -58508
54964 -78857
-95079 -95857
96547 72361
-1722 -53910
-60861 18730
-82856 69551
46328 24010
90381 5785
-82408 -33273
-48834 -91348
-99017 -86649
72955 -79485
23552 66227
-16667 54574
41154 20106
-42811 30527
-88138 -37181
22091 20884
-41231 60318
-97488 22212
37805 -32305
53013 -6707
73719 -5412
-81844 64537
-64811 64929
-69310 -82012
-60214 -89462
-2067 32877
85569 60385
22020 71257
-9067 31388
14420 -61157
-2596 -96894
-41721 77089
91414 -53031
-87694 -56757
41600 35766
-37992 -97462
-79702 78768
-74896 48269
9319 19383
-33106 -14855
191 818
925 965
526 148
234 728
636 504
699 627
18 798
528 128
554 120
948 593
68 197
359 155
452 719
961 822
985 34
130 357
19 535
433 732
924 993
450 516
130 838
714 754
414 790
968 4
367 869
726 302
780 839
280 838
260 992
969 340
650 238
291 881
614 178
706 145
519 565
422 551
407 29
544 190
1 559
491 575
304 124
329 215
259 180
838 94
907 187
295 498
551 738
141 886
561 626
333 817
105 933
722 109
506 510
307 432
598 839
267 669
677 911
137 357
229 368
358 655
729 97
298 707
373 4
408 976
781 492
722 286
802 208
536 977
317 171
252 982
706 773
547 338
567 984
327 38
55 593
561 773
591 380
905 556
665 482
769 786
753 664
392 166
980 195
467 217
648 150
591 634
291 589
206 737
182 615
800 803
405 525
131 139
574 757
914 845
184 322
667 497
584 983
693 490
821 228
646 207
540 368
972 58
581 262
22 455
244 224
740 996
252 323
918 925
854 31
589 335
871 73
415 929
145 381
80 522
810 681
347 830
299 124
282 398
61 716
823 614
281 131
569 552
385 615
821 551
185 131
312 218
873 573
889 476
262 970
815 668
902 568
630 164
596 227
367 278
424 631
779 588
430 731
687 463
513 575
378 621
270 722
353 772
444 492
851 366
919 649
234 625
953 46
433 739
184 118
67 194
137 12
868 683
148 408
747 793
585 586
985 435
408 648
544 422
957 812
760 324
453 178
504 113
804 513
463 584
345 264
443 242
623 160
558 727
499 966
317 805
236 436
884 939
910 21
828 303
89 930
451 770
785 145
486 356
311 814
82 941
999 698
335 501
821 273
123 364
651 726
603 988
825 397
30 843
33 546
74 983
251 276
727 106
987 30
36 312
725 676
222 744
90 398
950 971
145 885
558 334
671 104
565 332
587 736
666 533
171 355
546 543
730 759
294 113
781 315
480 151
899 105
596 611
4 318
653 899
527 274
122 160
111 320
344 318
512 269
202 966
195 393
59 205
361 715
435 642
918 442
410 574
61 753
25 594
845 827
757 415
924 157
369 207
195 87
740 426
524 569
578 409
323 236
427 65
469 884
161 449
313 309
959 16
682 4
102 369
637 776
507 636
749 565
119 414
707 815
287 199
564 825
691 114
891 752
561 236
572 159
219 954
940 958
352 66
516 517
574 781
223 301
430 308
999 391
382 672
938 785
752 12
572 764
561 132
780 326
636 357
593 20
939 945
690 598
754 525
874 596
557 7
554 358
598 181
845 808
584 98
104 983
358 651
794 302
623 852
471 199
602 203
499 559
597 537
155 31
292 777
120 294
36 638
631 491
489 896
758 519
185 328
252 596
952 210
171 719
111 949
212 494
315 118
620 599
970 463
384 339
389 701
762 657
759 987
207 670
653 772
566 777
283 220
241 960
684 449
698 596
643 867
373 124
548 687
771 273
830 661
873 883
787 722
781 459
232 907
539 985
226 778
937 115
809 507
135 93
993 729
597 833
440 98
610 267
918 37
515 714
227 288
944 666
439 534
207 640
2 969
219 974
134 440
692 413
310 825
694 198
742 200
984 134
699 228
526 543
539 202
772 411
596 985
325 74
875 920
704 370
440 390
365 459
253 665
880 707
329 446
482 89
371 370
171 718
5 444
372 58
639 657
142 493
735 384
973 129
291 507
870 773
719 844
351 630
389 703
482 116
867 941
566 409
632 414
868 545
664 648
374 210
666 342
751 295
352 45
907 266
309 120
136 428
463 612
537 830
926 564
87 569
765 2
357 192
637 721
9 680
832 946
173 244
357 111
39 160
489 949
109 913
959 901
76 635
403 226
12 491
395 539
247 732
105 709
729 354
985 823
6 19
785 761
770 311
409 520
838 144
304 878
454 784
792 965
913 666
559 443
12 98
422 893
849 246
814 260
605 228
174 703
652 457
977 794
441 124
918 185
194 374
170 694
328 805
530 41
862 279
136 894
84 725
918 190
603 142
496 228
500 73
652 805
737 530
956 412
77 553
927 957
602 26
107 547
959 771
199 547
25 780
770 728
357 833
166 413
124 492
540 892
249 460
628 994
20 518
831 91
456 960
10 125
652 436
792 890
924 789
765 917
313 695
811 462
699 922
125 855
322 288
422 834
143 802
487 743
715 221
270 838
966 605
217 531
111 580
486 89
172 920
471 736
997 49
934 775
936 803
501 522
958 729
131 482
679 22
86 623
574 246
399 762
88 724
477 225
74 665
890 173
408 214
901 215
68 362
401 872
248 488
166 651
749 720
496 322
198 108
785 859
954 889
950 182
810 530
591 9
36 547
48 110
468 285
519 579
756 920
1 135
229 485
872 410
525 636
482 738
189 616
65 237
792 23
496 574
158 977
287 804
619 642
717 591
825 599
655 61
516 404
818 626
481 981
918 281
487 164
614 773
439 325
191 526
677 85
529 153
903 669
230 340
175 582
262 280
868 408
965 616
956 406
761 542
832 596
462 147
96 153
735 170
216 232
403 401
80 190
103 740
217 691
796 299
46 637
960 421
246 492
233 805
384 517
507 273
900 407
803 784
72 802
860 127
290 907
102 214
288 767
150 469
93 605
523 706
710 697
550 949
474 344
246 134
226 233
93 986
537 48
780 578
101 319
688 121
119 651
578 185
68 954
659 10
86 416
156 564
599 265
847 413
731 197
67 85
518 754
754 69
624 716
564 35
5 359
657 263
771 916
671 178
643 381
195 240
583 800
366 842
911 597
71 603
28 426
745 155
213 871
193 560
868 630
569 550
512 92
955 749
360 513
221 68
587 920
978 830
284 567
499 325
997 596
314 277
360 752
441 98
180 321
86 122
905 442
590 531
21 371
123 594
49 829
525 944
675 572
85 665
630 843
819 568
808 638
550 793
49 988
572 637
2 494
741 496
105 252
130 533
682 758
821 667
817 158
872 952
730 872
41 687
512 278
320 445
974 387
967 587
786 866
266 916
783 240
891 551
646 487
840 428
837 27
239 399
442 77
160 189
598 955
122 318
173 605
34 604
254 146
441 955
222 589
669 194
576 941
869 318
116 440
502 388
782 626
502 891
616 504
827 90
542 822
126 691
561 442
809 569
32 308
395 526
855 657
36 480
774 13
456 707
214 218
143 109
652 364
901 380
148 194
228 903
546 936
850 268
421 475
351 587
425 904
799 137
833 721
273 672
301 841
537 898
565 216
522 834
468 664
258 432
34 887
163 408
263 129
401 118
852 914
149 527
512 397
52 450
814 819
684 756
782 511
612 633
781 55
449 716
551 102
993 710
492 346
313 165
837 816
929 569
482 916
202 964
293 277
941 648
105 849
759 525
743 855
413 568
393 642
93 533
330 765
512 266
870 680
319 161
722 310
550 664
584 243
176 765
654 917
368 951
108 870
409 110
510 914
211 906
146 805
518 791
180 941
594 92
66 347
716 85
734 786
173 747
890 45
479 908
490 631
937 686
811 400
668 63
683 976
641 375
317 212
52 507
372 254
118 239
698 480
99 683
350 84
931 351
754 36
65 937
487 386
134 25
239 313
321 3
356 366
877 699
316 355
489 3
514 568
262 931
689 530
684 308
825 492
525 249
428 237
230 880
364 389
314 489
669 206
992 316
408 335
690 269
153 628
582 9
594 35
921 581
715 134
991 235
695 113
7 624
417 626
22 714
656 137
819 448
158 634
298 211
421 600
502 930
263 101
202 927
294 998
739 594
610 54
933 912
502 11
183 832
941 217
595 97
442 965
213 847
789 248
879 178
323 731
862 15
250 649
112 614
418 960
649 481
57 672
440 543
741 154
704 337
131 188
589 565
32 744
405 609
358 861
497 243
552 55
334 996
51 995
151 201
622 683
687 191
706 229
671 584
162 998
896 735
812 896
589 626
962 635
432 342
10 140
488 887
419 963
707 237
517 911
352 688
201 909
618 970
472 379
252 430
60 494
995 752
212 512
20 760
6 806
323 490
509 210
709 697
59 375
90 232
940 17
532 438
761 142
304 959
918 573
39 2
43 475
247 675
254 920
722 827
802 464
850 932
937 281
136 121
62 924
31 44
346 829
229 965
677 382
75 45
935 375
794 485
732 915
119 540
133 107
321 122
158 424
26 409
849 742
491 523
579 512
840 252
698 623
482 877
788 885
563 489
461 780
108 555
551 199
393 978
138 550
49 992
80 743
376 856
872 676
535 966
409 868
817 33
574 818
836 338
829 42
466 273
916 784
126 243
914 295
666 738
362 732
898 680
735 381
137 773
408 463
147 862
863 391
630 15
1 562
93 484
574 262
687 474
29 231
410 457
212 385
853 483
174 560
174 330
202 681
64 710
501 492
800 684
675 321
85 179
55 882
868 686
262 943
573 819
228 477
888 230
692 207
649 305
297 488
685 800
919 378
524 722
345 220
945 42
53 826
218 180
689 775
91 921
556 375
482 361
708 366
913 955
713 239
161 795
31 278
688 684
469 473
737 134
655 573
132 225
370 217
618 552
811 893
546 503
383 995
402 307
598 124
53 923
552 41
746 854
409 158
360 568
828 198
363 440
57 250
779 604
882 471
906 140
647 918
187 898
21 741
426 892
479 421
230 223
26 958
802 40
763 411
797 894
657 511
136 789
347 455
559 483
923 147
87 462
599 575
269 43
485 956
63 620
400 35
603 48
701 885
580 759
168 347
264 278
963 166
956 867
407 592
313 730
133 716
780 332
168 596
610 980
702 80
749 825
965 371
567 114
407 437
23 81
113 496
83 468
682 385
460 705
423 223
129 888
45 547
864 731
955 888
682 903
806 528
161 967
872 967
801 268
63 399
165 851
963 758
893 377
812 664
348 675
184 458
719 465
547 640
935 225
620 639
719 966
181 789
432 437
228 309
674 434
749 138
621 635
343 529
224 318
896 11
73 224
786 868
149 206
766 641
13 965
700 245
952 898
681 221
943 640
36 16
651 965
262 982
227 183
737 140
492 198
764 99
361 829
273 512
156 577
940 295
735 603
799 37
343 182
553 825
851 446
458 435
117 886
290 427
315 397
18 404
730 570
575 998
735 600
153 307
300 859
915 146
955 729
520 108
868 426
307 321
783 149
265 466
505 359
791 928
619 394
143 316
635 395
888 820
953 279
251 287
838 911
43 185
492 262
193 668
833 753
591 596
458 347
364 537
911 123
684 909
278 228
489 192
935 892
278 861
980 959
354 322
258 861
523 677
368 671
477 906
445 885
19 682
535 486
686 732
552 139
851 673
419 124
39 111
511 554
867 135
545 750
538 328
633 11
114 793
871 170
730 630
125 298
692 122
401 566
413 776
233 47
421 478
913 435
469 580
459 560
140 564
443 687
838 386
476 142
601 875
881 215
822 214
525 319
801 907
343 709
39 179
898 194
196 489
936 190
872 66
436 667
387 234
343 316
82 484
105 706
391 829
792 939
90 259
927 593
863 984
989 162
968 662
134 138
977 418
338 775
180 533
831 27
291 265
542 672
331 261
78 484
578 832
195 922
786 842
406 222
720 455
370 603
19 432
286 395
848 121
802 840
647 58
147 90
750 345
131 352
717 240
422 111
638 147
50 958
203 979
65 853
940 381
350 520
646 833
310 877
622 811
611 91
199 801
235 540
823 13
487 485
631 886
621 664
878 411
741 425
590 982
418 74
728 452
569 228
16 809
404 907
4 635
821 386
83 649
836 280
240 890
355 889
327 527
455 806
268 667
510 492
487 753
399 468
406 762
780 24
304 566
4 157
486 693
240 511
858 290
84 396
373 890
880 567
301 97
354 349
731 774
708 330
87 14
925 705
168 330
281 405
246 89
859 959
847 941
942 603
106 253
872 413
448 881
854 327
991 342
914 676
486 401
537 340
419 644
417 630
378 974
807 151
678 563
310 473
393 294
718 904
418 159
755 881
52 612
679 364
972 43
540 1
895 647
317 684
915 578
590 904
190 572
432 549
593 673
825 862
694 412
258 312
938 578
850 45
611 518
370 71
59 691
901 633
786 60
833 452
110 856
163 903
135 39
868 427
461 877
169 182
82 308
987 4
831 822
451 761
40 203
41 130
442 203
929 73
464 428
990 53
833 678
179 30
280 747
716 698
553 629
307 373
464 735
568 606
144 385
522 120
615 887
333 286
688 252
6 729
621 67
21 938
37 52
140 453
171 219
601 987
900 795
699 58
426 387
372 121
189 723
452 778
369 149
317 735
117 917
152 789
460 212
358 971
743 201
770 569
900 956
972 176
715 644
351 547
738 12
319 126
372 53
461 491
250 40
596 396
654 559
531 411
439 530
778 659
470 598
586 407
12 216
493 692
711 362
323 732
269 620
169 198
507 182
211 98
581 694
585 497
298 761
629 97
769 11
42 68
441 489
176 518
663 612
581 120
638 948
756 708
763 416
491 467
698 510
785 108
99 401
830 430
832 835
739 541
885 777
455 614
736 396
578 571
159 172
604 645
558 953
839 553
881 843
606 951
648 277
342 175
912 110
563 237
984 596
64 876
622 776
345 837
471 836
253 852
160 538
876 214
990 242
600 856
569 697
339 653
194 138
981 745
495 480
65 249
599 748
746 605
485 556
353 481
408 3
764 974
740 916
142 387
621 910
53 288
637 742
467 884
808 373
284 808
554 218
232 843
924 628
206 205
767 73
64 957
527 584
525 808
837 252
546 37
289 709
448 774
494 568
392 102
774 441
244 137
762 925
374 826
999 161
741 27
207 378
636 395
668 495
503 423
216 437
196 631
409 646
110 756
380 451
626 828
194 553
16 169
23 160
893 927
252 56
899 797
158 250
478 139
759 129
947 352
338 165
449 267
644 768
433 749
136 677
915 840
825 244
856 319
974 26
601 894
163 67
550 894
107 601
226 548
62 755
792 384
440 897
76 345
403 219
713 848
436 97
302 858
329 16
470 338
697 355
362 995
720 136
536 377
842 291
577 549
434 852
172 978
912 89
863 511
952 843
432 831
9 783
665 581
754 991
689 132
795 778
877 380
493 137
877 44
786 338
2 186
377 214
429 323
271 723
186 192
425 72
6 379
971 954
127 136
409 429
131 511
85 663
965 894
716 802
164 641
282 158
697 641
822 317
204 958
605 374
113 585
603 55
276 773
288 488
462 271
735 406
731 868
468 785
800 503
681 517
577 970
352 286
523 104
636 981
851 211
295 611
314 808
463 946
83 673
559 171
570 41
504 134
163 333
712 992
779 62
350 391
130 168
83 730
52 84
342 602
707 206
774 192
936 899
465 958
866 902
94 698
320 979
910 553
955 531
111 819
882 831
869 452
592 790
594 530
355 883
742 80
186 903
767 270
633 671
811 86
220 536
885 28
397 323
35 266
685 738
168 788
274 440
890 551
69 844
420 277
130 652
64 681
132 857
745 357
993 427
288 943
128 143
897 50
870 511
299 501
888 673
801 864
984 992
87 732
681 141
79 707
935 771
733 3
751 349
931 155
542 156
578 611
344 366
138 747
487 708
97 206
566 611
706 289
897 995
143 743
677 931
66 524
943 846
257 432
646 788
461 194
91 968
621 823
156 95
127 951
285 297
542 624
904 819
249 485
416 953
941 355
586 54
203 32
511 827
799 317
265 593
30 884
506 951
718 26
718 277
53 10
543 984
581 744
341 605
980 461
524 564
55 490
259 287
282 961
584 221
144 670
46 718
372 959
782 125
484 498
694 214
940 311
444 809
304 350
92 728
664 824
197 335
439 391
983 16
823 372
705 859
484 932
852 226
104 22
778 855
570 97
789 664
214 676
371 871
528 582
454 23
234 861
429 510
250 784
886 810
137 802
235 973
215 108
468 806
193 142
578 335
446 520
827 157
944 759
492 669
55 426
170 480
230 386
413 174
377 797
278 359
142 794
754 629
928 41
236 816
362 998
720 121
171 593
238 299
14 206
51 120
5 315
493 123
810 390
497 634
284 890
168 629
802 528
64 623
81 773
868 9
825 636
679 290
72 950
181 763
247 663
403 691
491 699
694 881
921 159
820 422
44 280
184 900
218 139
96 919
602 161
353 776
921 413
905 60
31 649
519 620
446 16
909 905
562 821
46 497
880 665
983 62
722 888
855 188
859 385
781 825
244 30
284 949
481 726
410 180
296 322
923 349
679 918
582 87
674 265
945 915
893 939
134 493
350 700
787 29
521 110
929 833
48 415
362 695
796 654
452 862
708 421
966 119
673 759
344 929
860 186
71 142
972 563
899 408
34 198
738 518
377 338
567 41
159 614
810 999
280 787
481 284
68 547
361 602
967 72
806 217
833 568
503 395
41 830
738 218
70 728
20 152
584 201
402 295
400 187
131 677
441 233
958 924
96 509
1 628
319 257
153 237
450 23
279 752
755 777
693 982
139 611
550 81
459 586
157 821
798 282
324 263
371 32
76 368
890 574
158 471
924 53
134 966
351 896
63 15
956 740
438 409
105 825
81 443
807 953
523 319
169 171
684 821
573 12
910 101
745 990
678 361
437 28
991 691
905 4
476 934
114 571
625 846
202 524
250 724
943 854
861 474
417 33
120 712
697 803
406 117
312 105
264 778
917 610
22 973
993 309
86 325
107 372
880 281
174 38
761 828
706 53
536 777
920 580
201 736
814 323
689 486
237 383
547 843
297 230
583 425
448 846
828 476
153 341
45 993
747 395
451 405
477 751
797 896
405 507
792 931
159 234
851 42
357 282
319 997
883 3
815 975
379 355
715 388
255 841
458 413
977 848
464 955
720 705
683 989
770 482
131 446
685 822
298 116
613 648
922 501
886 662
245 571
748 34
117 94
755 508
740 102
192 565
597 701
906 618
281 526
640 948
933 277
941 381
115 743
139 565
128 732
547 278
309 938
108 296
36 354
303 461
915 332
815 279
95 992
176 422
424 971
212 418
34 867
898 810
982 925
28 255
725 863
437 383
62 96
99 621
308 804
605 703
690 914
878 872
243 75
308 281
105 592
919 18
743 463
309 858
397 199
191 264
870 477
866 830
254 217
435 219
911 85
608 249
186 270
789 499
159 590
133 837
301 261
704 711
875 329
223 455
164 190
145 523
559 322
705 981
790 219
52 957
209 603
855 570
835 169
858 414
359 10
709 805
912 267
659 432
110 954
182 479
393 833
480 574
454 580
491 887
640 859
526 815
414 973
695 625
335 18
287 290
348 727
364 506
812 376
377 201
755 553
261 865
898 381
252 502
243 391
44 850
228 223
935 487
865 318
614 696
281 620
409 914
802 330
121 812
280 317
510 777
22 637
189 55
3 238
460 699
888 741
856 231
403 754
128 477
141 803
453 955
733 738
282 911
41 907
853 119
444 220
847 695
936 247
83 9
64 909
937 272
427 276
467 649
736 311
475 738
861 210
292 882
583 66
466 465
702 413
536 564
44 724
921 190
769 352
427 671
982 881
429 792
612 868
347 24
688 187
548 777
336 612
121 933
843 626
418 803
27 779
368 122
125 562
614 993
643 177
925 553
489 152
340 782
54 585
672 212
423 197
61 592
57 917
267 557
384 727
398 611
272 934
604 336
372 620
872 454
487 669
95 767
718 87
248 120
784 628
760 29
803 960
473 649
135 196
929 176
24 775
913 994
21 439
402 752
605 567
362 855
188 764
633 697
130 324
836 831
251 582
178 899
576 637
98 857
556 748
794 926
874 480
572 519
100 696
113 352
262 514
631 151
252 369
224 574
401 596
522 977
624 681
501 429
338 735
547 66
912 991
932 560
994 856
916 371
790 484
777 88
980 266
273 68
184 422
189 375
209 831
566 440
280 432
799 643
232 118
559 945
883 766
782 949
229 604
186 162
418 939
471 576
938 717
964 937
856 501
340 130
694 424
993 185
436 627
143 837
124 54
522 194
872 748
255 268
103 738
194 617
442 544
51 967
85 456
394 521
492 518
334 535
468 303
376 991
499 708
900 938
180 630
924 344
133 242
158 294
941 41
902 628
847 5
411 390
180 370
654 856
583 284
537 8
545 680
476 334
583 910
405 763
45 179
738 751
85 593
393 706
701 205
233 229
457 707
478 245
721 976
10 641
72 657
36 490
826 506
880 203
89 770
264 175
540 515
806 810
295 435
727 184
690 908
477 401
105 331
627 506
946 423
546 682
184 782
997 742
747 178
920 31
394 834
324 525
29 60
443 159
238 883
47 376
481 316
230 411
600 440
184 581
604 566
608 277
953 893
468 300
432 871
285 664
809 399
817 30
557 555
891 367
616 418
304 930
768 316
230 608
735 316
309 208
859 387
15 806
506 536
478 187
543 573
531 538
169 251
412 289
9 134
753 840
936 113
896 964
891 328
848 139
278 863
136 872
741 106
898 833
764 800
243 515
237 306
100 215
993 16
444 199
629 243
344 716
661 467
342 344
622 894
23 871
134 981
544 494
269 747
251 857
617 776
898 516
637 685
131 67
523 473
128 854
118 312
564 768
137 793
328 196
679 829
262 513
783 214
843 962
537 842
717 435
688 409
873 381
493 859
851 227
631 109
304 303
18 75
509 223
61 725
127 505
322 217
910 428
315 140
208 140
597 789
963 642
828 436
350 103
770 193
167 122
614 448
809 265
460 737
512 573
856 686
516 210
683 756
331 842
983 298
430 875
887 642
372 764
2 745
833 431
737 276
456 523
354 380
730 775
143 326
85 494
530 691
305 347
769 796
271 89
845 110
666 736
317 519
609 963
698 43
173 328
364 484
863 343
315 824
152 669
421 381
251 174
203 776
992 60
64 673
687 114
633 518
100 3
415 836
556 409
397 541
380 691
226 527
299 727
322 540
27 958
60 30
292 267
964 12
763 217
893 646
701 199
324 499
433 713
176 677
174 354
298 254
595 463
32 416
869 269
373 521
248 323
151 614
223 199
377 848
200 410
562 456
473 299
258 971
303 872
995 686
320 318
544 566
870 759
422 506
854 305
812 509
515 263
666 255
319 516
203 274
476 82
753 401
172 214
482 520
585 607
978 267
81 455
829 277
666 123
609 474
510 342
588 970
50 656
102 638
683 650
696 499
372 681
774 669
831 259
701 240
589 129
392 647
684 215
753 138
28 240
787 428
470 294
638 566
161 670
431 783
156 853
110 131
411 268
699 264
419 572
152 260
128 991
920 78
552 248
730 606
137 948
206 282
831 850
903 473
124 164
543 316
156 845
805 673
536 184
267 271
816 417
649 123
941 588
301 764
591 708
822 504
484 349
149 122
138 755
295 716
529 249
833 946
434 956
274 581
62 228
552 524
823 478
617 301
19 647
785 13
401 60
29 600
36 247
388 686
479 797
436 365
820 388
759 236
832 917
830 294
195 85
934 596
329 283
989 841
453 877
207 572
840 274
261 365
717 610
732 58
517 333
307 552
958 687
263 225
398 525
251 961
200 866
862 722
412 288
433 693
658 517
922 856
965 88
420 330
73 810
268 910
945 707
793 853
630 22
814 729
921 146
139 269
767 66
488 206
86 137
10 388
892 596
35 287
723 808
764 814
341 915
445 722
405 79
803 848
740 236
199 832
976 320
183 535
807 591
496 484
135 528
697 397
17 882
288 860
972 28
556 86
644 212
435 857
671 710
305 70
339 295
358 265
790 159
618 278
651 97
858 353
883 471
911 850
320 104
743 761
456 750
759 952
865 886
209 567
475 168
252 916
306 96
236 650
902 59
809 263
308 566
854 355
652 984
123 499
132 569
529 240
284 211
800 741
142 573
894 92
358 717
968 690
298 945
510 767
409 905
175 862
966 691
514 39
610 839
808 853
62 349
390 621
759 516
22 487
290 153
915 183
991 327
193 437
497 991
4 409
43 947
279 423
133 27
764 852
609 793
918 35
681 473
577 124
835 378
792 829
770 416
866 956
549 96
599 492
260 64
233 731
342 124
699 912
704 750
926 653
682 934
963 684
140 547
338 346
336 960
331 80
948 480
176 208
817 90
319 614
737 250
991 394
987 846
31 313
953 160
235 934
86 234
958 649
426 144
967 354
599 8
366 152
291 485
741 982
108 959
248 35
916 987
649 600
642 873
348 682
711 238
510 171
693 796
229 552
768 751
377 992
112 698
170 899
293 15
38 929
520 200
777 643
9 8
809 586
60 409
919 76
934 576
209 960
17 89
320 667
348 910
442 591
893 177
187 90
822 746
132 479
211 360
762 478
662 64
587 460
490 422
904 301
443 274
871 801
905 584
853 304
161 250
127 332
822 143
945 653
43 149
819 641
801 719
935 355
159 583
17 425
645 818
806 941
969 731
651 416
407 644
387 376
85 984
17 170
68 860
91 803
472 813
325 436
776 33
626 75
217 916
38 613
876 408
950 829
311 919
472 922
972 567
1 873
332 335
364 276
360 84
416 205
844 799
957 876
919 604
144 20
725 51
674 104
96 283
737 630
408 635
632 497
342 533
940 868
890 784
658 504
65 299
214 709
248 279
430 840
827 301
640 160
143 909
131 793
924 724
567 295
836 774
239 650
536 149
813 551
732 249
563 623
806 533
850 306
91 744
238 133
260 462
259 527
691 153
901 252
332 616
630 72
801 527
501 520
862 816
297 919
613 441
159 208
134 115
173 863
754 313
485 259
393 59
111 556
183 388
325 750
998 454
776 691
455 454
389 304
922 418
712 346
31 474
144 778
23 220
296 312
551 661
802 778
407 594
416 835
725 458
930 702
7 981
977 68
735 947
287 24
313 658
262 717
778 198
926 15
557 484
936 704
507 933
348 49
483 929
384 887
20 547
914 43
451 947
564 391
195 498
945 433
128 309
852 99
720 351
151 397
318 521
573 339
478 803
498 970
305 975
371 380
382 969
476 286
16 126
234 822
666 356
978 59
755 872
446 33
976 694
505 757
117 730
60 174
641 704
98 338
957 336
579 823
740 871
664 478
178 506
343 679
70 338
824 556
144 770
374 305
988 68
956 45
151 395
824 819
758 919
379 107
22 555
578 746
349 629
675 371
918 422
805 204
239 222
388 518
19 665
431 232
997 733
853 6
226 76
49 223
411 361
444 587
838 940
428 649
987 510
933 173
289 360
7 33
461 211
610 687
409 705
756 233
715 713
893 760
634 600
725 917
844 833
771 219
396 147
506 297
566 3
549 947
567 685
920 827
187 537
386 423
943 57
871 240
414 938
538 138
699 687
348 513
535 126
64 401
388 84
545 564
584 903
96 293
445 668
875 916
504 539
827 790
472 567
556 81
449 842
529 445
347 566
819 855
46 773
65 975
315 374
843 632
361 10
790 763
865 705
82 153
21 322
108 757
355 928
717 208
610 491
595 479
687 427
523 282
130 5
21 628
293 181
338 815
762 959
334 125
549 995
104 118
132 632
787 697
4 194
45 264
756 215
358 776
394 803
16 7
243 410
586 223
96 449
873 829
595 224
877 874
16 967
801 21
436 415
71 877
111 3
198 141
511 31
969 217
242 509
796 744
146 836
328 736
135 246
971 686
102 413
772 738
935 627
45 892
326 849
742 670
554 424
372 91
532 556
786 881
428 381
331 971
384 733
973 216
808 619
219 701
883 906
921 885
789 501
42 853
268 175
264 869
280 320
753 725
107 402
136 487
764 618
222 16
80 141
728 301
171 927
746 31
338 987
320 306
192 645
958 139
91 946
824 831
959 864
373 369
890 61
615 1
216 361
52 982
999 967
626 722
167 96
69 686
487 428
212 321
147 118
941 398
982 244
389 125
546 950
403 523
71 800
121 529
845 180
499 504
82 751
557 975
432 610
669 970
13 990
38 151
662 174
769 396
656 532
580 6
853 13
926 242
989 338
817 143
246 983
884 193
423 116
596 883
346 786
721 675
973 683
44 122
283 591
155 404
680 808
411 592
697 279
622 624
475 345
601 720
816 13
456 866
804 629
213 115
112 595
675 604
460 649
257 463
261 758
724 322
3 153
373 249
707 369
828 743
296 518
44 915
815 325
521 499
140 389
596 634
396 151
201 969
682 29
600 678
605 494
922 582
920 439
35 781
946 712
915 56
777 173
949 420
106 411
725 598
334 694
880 977
892 428
747 169
709 553
445 442
439 28
378 439
361 168
783 865
847 156
666 495
34 692
902 139
882 943
118 428
88 285
993 366
52 526
97 899
429 73
215 311
649 227
307 252
883 201
863 591
932 127
821 379
775 542
106 581
808 490
346 230
598 88
408 10
149 775
578 285
712 506
25 417
558 678
259 397
532 623
471 211
499 625
721 836
493 344
659 725
36 774
881 707
277 619
552 243
647 49
811 784
610 83
374 867
462 200
481 257
257 562
770 738
995 556
334 153
241 153
693 432
714 332
115 940
756 356
852 988
949 763
817 673
81 817
513 528
355 56
686 398
586 182
54 266
11 473
368 469
154 400
498 288
306 319
147 402
550 481
340 196
462 70
992 473
29 678
32 923
881 162
104 242
578 60
205 373
485 118
813 244
556 641
573 602
850 102
626 459
658 949
992 793
92 200
918 690
795 735
228 760
156 346
420 39
8 799
797 54
423 705
378 275
599 966
134 947
931 372
360 749
23 314
405 914
527 534
590 682
523 621
231 229
989 139
632 784
48 562
241 628
830 984
961 502
280 594
107 777
802 290
693 491
140 291
164 693
468 777
798 242
412 407
645 73
46 980
53 500
741 209
953 690
986 549
419 917
13 87
773 362
643 51
481 443
835 387
70 963
140 251
398 195
44 977
345 94
993 604
836 50
660 840
479 74
425 945
939 581
114 372
48 122
243 314
873 592
491 182
398 622
849 278
862 49
955 500
772 913
811 118
461 973
727 379
403 963
62 733
213 316
37 763
562 135
322 346
402 912
686 669
721 92
882 649
701 322
623 941
680 996
378 407
94 780
466 150
872 415
838 339
715 67
919 63
64 914
893 832
357 252
872 753
317 635
101 601
195 940
458 994
619 956
856 354
174 66
759 420
788 106
895 940
214 844
666 788
114 395
494 366
166 789
940 181
290 819
171 821
878 101
39 114
490 862
491 357
321 14
466 494
446 109
69 708
985 291
696 541
135 410
476 451
225 744
923 625
935 83
32 277
715 898
375 550
155 794
231 805
203 590
765 918
507 960
693 786
782 659
359 68
775 886
89 676
895 744
166 281
907 116
851 909
483 566
705 361
591 119
875 809
895 893
904 13
874 604
397 140
72 304
578 937
592 208
740 96
708 537
141 397
405 469
598 212
89 124
607 932
547 501
34 421
6 55
780 998
2 896
400 488
433 797
177 303
848 798
929 355
10 375
42 455
147 686
352 472
552 114
569 648
262 795
122 736
716 519
642 363
194 492
275 803
685 263
885 592
591 625
756 980
957 68
460 234
525 838
548 453
291 737
56 600
551 875
46 304
140 593
417 804
857 871
148 170
654 65
982 662
788 553
771 104
366 934
382 918
792 958
897 498
517 783
454 813
188 426
869 514
127 250
412 108
157 201
839 724
327 175
262 633
404 828
802 269
873 568
335 942
261 389
193 517
584 110
218 850
733 418
889 876
242 708
515 148
885 723
576 791
187 573
71 564
670 113
248 118
208 155
480 11
811 243
31 947
712 881
937 996
231 468
143 110
728 539
709 983
108 302
171 426
772 287
11 354
79 675
706 703
378 655
90 554
421 82
201 622
437 96
625 671
736 525
991 452
629 145
594 476
445 775
98 538
49 982
743 981
87 731
541 852
617 370
292 599
637 205
805 66
56 718
286 427
160 659
414 721
338 454
428 322
282 650
994 775
541 527
838 488
596 66
916 267
988 34
709 698
577 1
596 715
610 932
821 902
131 530
436 252
526 953
200 640
340 996
308 604
879 324
389 593
105 579
509 927
201 857
802 950
780 362
828 645
42 352
593 782
178 173
818 241
800 153
714 643
598 185
906 225
198 460
393 669
831 643
411 641
480 845
625 539
400 339
120 976
605 986
889 385
968 225
351 264
526 279
159 985
396 339
882 536
847 629
614 243
211 726
517 299
390 967
636 557
418 721
336 638
379 571
304 875
446 900
32 387
45 695
192 312
767 36
379 113
281 704
14 46
925 822
891 374
571 899
426 966
404 993
826 178
716 596
719 856
423 975
916 419
271 284
468 202
361 733
664 831
991 234
243 183
275 997
742 177
333 870
710 243
394 879
833 824
957 691
226 810
41 784
530 421
116 198
865 974
660 783
332 638
717 230
216 104
668 858
601 208
332 622
486 133
536 841
861 910
373 877
737 551
109 841
548 935
450 527
902 376
198 251
568 926
708 419
662 254
250 43
275 561
21 370
252 401
171 123
154 362
92 775
112 367
185 602
528 297
246 782
886 930
945 78
893 500
281 62
42 759
1 537
733 899
516 371
573 62
680 733
224 374
436 557
888 664
749 818
523 72
203 840
825 117
243 572
447 577
368 227
653 547
130 374
867 656
123 697
344 927
418 250
160 76
697 682
155 814
766 277
172 959
370 41
135 961
782 341
682 315
72 989
257 915
546 634
786 994
875 103
678 813
629 583
997 169
557 417
610 895
600 41
870 355
866 234
126 861
385 868
935 814
259 740
454 298
746 287
926 414
220 751
661 515
339 656
567 745
17 83
552 940
444 470
245 838
5 57
745 737
634 132
90 314
312 93
914 683
576 850
675 121
281 870
353 594
988 700
130 798
217 714
291 171
217 733
658 781
522 486
633 904
950 457
637 75
785 887
546 595
359 326
931 599
853 344
67 627
27 346
437 82
944 307
573 620
823 3
347 58
750 714
47 272
876 555
373 886
717 11
205 833
856 664
143 501
190 702
137 204
778 173
586 213
156 296
499 293
674 285
689 566
973 357
463 359
241 875
866 158
169 425
790 113
342 826
665 154
938 654
905 802
980 978
545 450
957 350
59 100
531 358
732 484
392 495
286 705
862 574
534 460
293 2
811 970
885 906
808 178
193 426
749 26
557 491
586 59
560 319
40 198
982 641
14 492
333 673
113 246
518 872
546 411
880 196
920 41
911 186
765 374
865 713
444 284
494 84
888 200
86 457
767 193
198 955
750 337
810 505
669 450
485 476
373 828
944 432
785 676
7 990
266 566
169 523
498 388
787 802
409 829
884 709
94 347
245 319
85 460
742 103
983 523
716 86
49 304
612 550
716 16
535 107
631 311
543 158
836 824
446 816
848 906
161 145
585 978
877 976
365 752
968 660
290 888
72 771
535 795
979 828
214 789
379 99
340 856
459 708
526 566
226 425
165 946
501 319
660 723
411 492
590 189
943 655
548 997
545 341
271 420
403 163
458 254
565 987
835 724
795 355
214 108
945 699
480 398
221 974
61 93
840 821
321 454
242 439
858 401
140 96
265 735
595 163
799 379
840 382
828 236
686 764
783 399
368 151
210 919
809 901
48 868
711 487
526 940
735 237
89 481
162 968
608 548
803 244
176 552
854 744
216 43
187 151
728 190
383 650
221 233
904 413
514 519
235 471
431 778
949 272
892 179
575 601
995 62
680 212
26 28
586 294
95 921
656 402
116 613
819 912
641 612
895 356
424 579
214 543
771 288
867 695
106 957
966 623
331 775
193 308
602 549
272 497
563 450
540 566
504 347
317 85
398 162
86 131
478 247
236 755
69 73
735 860
782 973
41 606
418 919
998 764
958 359
633 839
748 862
478 955
41 854
328 140
381 69
700 521
514 911
320 999
492 166
505 661
437 160
802 8
191 473
669 499
584 929
273 787
35 519
293 776
532 11
352 681
320 735
992 39
199 722
483 176
793 210
990 850
357 804
445 915
755 727
60 498
904 976
730 257
313 903
295 765
749 32
999 424
415 385
511 764
651 942
609 520
389 717
487 99
705 583
405 376
280 882
179 295
888 643
56 661
934 544
668 674
778 282
792 180
874 957
889 912
939 304
868 108
921 474
241 727
343 383
187 286
629 772
192 714
366 311
764 961
179 635
521 158
735 256
374 969
202 965
541 578
986 29
816 327
86 994
611 32
196 662
157 767
418 749
758 130
961 939
98 611
446 666
224 880
346 260
241 627
729 482
791 244
278 669
780 855
332 899
788 483
217 798
543 188
56 845
270 817
563 30
610 984
281 237
243 142
529 311
534 177
780 696
741 131
979 705
52 836
68 17
171 3
558 328
444 302
144 19
994 139
636 405
652 62
962 574
245 913
316 975
115 535
797 52
26 647
327 432
903 729
943 570
719 910
332 952
429 974
842 647
63 532
599 493
825 253
422 950
57 350
703 111
41 801
403 621
218 485
351 701
326 389
269 715
688 243
35 405
780 592
898 971
319 9
435 55
645 301
741 548
716 27
455 823
228 868
58 405
629 236
424 331
183 458
729 655
75 555
223 167
204 694
743 830
86 108
585 494
70 945
614 967
38 975
664 60
383 312
967 538
907 433
768 285
745 258
271 975
761 581
616 811
442 921
259 562
590 211
429 164
374 195
376 983
288 366
139 432
315 488
461 580
421 943
197 526
874 27
190 355
915 461
33 589
572 689
514 941
212 218
598 338
406 563
128 951
444 948
553 615
967 581
186 880
325 963
458 40
282 29
961 230
374 101
849 189
128 877
515 621
665 187
215 19
491 296
266 719
805 46
636 602
553 86
625 787
894 55
813 765
566 529
932 112
203 443
98 918
559 229
736 128
137 459
487 503
885 970
916 468
287 734
459 674
352 603
856 484
195 473
329 775
55 277
462 614
246 737
332 705
998 73
776 842
974 214
736 394
273 329
19 668
907 225
48 985
363 44
332 752
646 466
861 48
881 874
379 677
481 804
584 161
581 48
262 403
274 968
234 812
592 916
490 4
845 882
420 529
336 944
593 957
299 888
651 810
230 136
206 723
310 278
815 630
785 371
361 896
745 35
78 95
256 764
928 618
823 830
702 747
791 535
971 193
955 830
867 205
706 438
662 167
82 237
865 859
434 193
299 614
469 596
117 77
766 200
568 309
884 406
480 98
358 586
281 441
946 991
286 420
701 396
95 581
5 307
24 921
87 842
859 947
538 479
207 16
635 688
567 249
447 897
627 120
764 935
566 691
531 304
293 449
893 441
678 861
740 725
468 810
333 301
660 341
473 111
189 961
333 947
426 468
411 673
600 549
911 535
487 821
15 148
960 165
690 62
135 426
961 333
669 431
549 139
820 74
710 280
544 571
547 489
86 725
417 881
534 924
199 217
841 941
971 967
874 450
430 265
861 244
260 595
719 72
227 110
193 758
843 946
423 513
894 767
863 670
58 365
192 888
120 821
688 579
196 789
50 519
230 427
596 281
330 685
435 524
947 748
272 941
644 199
715 205
779 861
156 670
975 402
403 524
218 73
6 432
182 926
191 202
509 408
843 87
414 385
171 172
761 263
422 866
957 454
149 856
148 783
14 44
204 50
820 855
187 343
779 331
360 902
721 306
517 995
122 786
237 269
373 310
216 986
645 830
436 103
268 807
955 777
20 812
865 778
74 175
142 108
977 94
127 540
717 837
504 31
12 682
623 283
245 367
130 337
964 172
26 802
507 400
555 479
992 149
435 787
64 889
677 130
647 948
979 704
296 593
50 922
871 322
122 50
616 726
994 311
972 11
291 303
39 129
647 693
115 979
515 565
219 811
52 981
984 373
387 354
215 412
309 685
422 722
621 881
211 271
658 777
535 8
583 725
661 343
946 726
502 607
710 944
417 532
54 850
91 867
757 129
894 555
51 342
80 798
272 193
395 89
463 57
852 810
533 853
218 657
453 893
936 426
908 307
830 815
820 356
457 16
449 5
18 565
393 952
791 517
804 586
305 133
461 917
987 198
35 595
949 208
171 183
554 805
918 245
538 686
779 294
708 159
872 926
207 422
875 596
333 577
691 144
221 863
595 737
216 951
996 172
307 673
888 47
401 112
759 321
570 69
506 143
669 413
717 724
650 893
837 66
181 608
637 591
613 43
846 449
980 329
706 194
875 516
855 524
78 802
477 739
519 260
271 637
636 815
269 670
76 344
853 130
519 118
270 238
235 462
135 862
348 132
777 362
96 598
418 256
848 379
13 511
917 511
690 832
487 533
53 969
607 867
813 46
737 36
724 946
658 2
518 762
855 670
551 793
307 249
184 532
439 75
124 827
965 529
828 547
20 40
395 787
447 377
982 679
84 649
987 450
86 668
429 175
365 201
497 719
984 690
579 842
872 746
846 158
731 912
214 400
140 942
225 530
102 967
175 839
484 252
48 91
600 95
940 502
731 90
914 520
569 907
723 588
923 928
545 828
416 173
35 615
15 643
695 208
618 80
169 54
783 730
404 976
348 506
129 244
632 338
570 330
305 636
47 795
792 940
721 301
28 430
401 516
287 548
788 832
792 843
738 725
46 175
164 465
77 891
430 660
544 235
325 642
374 475
529 317
777 620
231 884
642 290
774 268
151 378
841 170
89 643
342 539
33 629
875 774
809 317
823 971
374 721
916 902
11 852
881 580
502 493
466 295
367 182
12 541
408 947
998 688
539 14
924 651
836 149
41 96
629 288
767 761
171 843
752 975
406 825
584 45
710 934
227 699
474 153
275 862
335 926
391 830
749 104
858 815
996 646
117 172
200 770
236 35
374 536
422 443
486 824
656 855
263 265
249 121
447 123
239 687
486 37
667 876
649 175
591 537
44 97
343 886
285 880
882 43
263 686
969 26
790 759
353 182
612 794
272 786
846 323
581 481
172 952
100 718
547 208
630 766
817 258
425 525
492 19
520 999
785 45
116 526
501 39
872 115
694 205
277 485
607 129
576 879
881 542
818 152
674 259
908 549
658 931
144 38
713 154
975 998
695 31
198 703
895 277
737 453
827 321
385 944
612 654
753 481
889 861
653 675
159 265
136 869
320 233
815 944
458 282
712 811
568 115
395 691
571 771
829 606
237 17
280 440
601 580
283 345
509 709
627 450
409 378
867 445
447 9
708 5
217 748
654 76
977 277
641 327
540 109
442 131
48 149
306 407
863 934
677 300
307 844
6 331
675 352
993 937
210 196
85 100
445 13
192 448
352 82
631 587
998 702
506 514
629 803
861 626
502 795
911 219
953 90
961 571
215 238
977 842
174 95
715 498
472 39
781 591
335 608
517 355
937 663
92 105
905 73
395 293
217 598
166 613
514 235
702 716
365 645
497 911
192 376
145 714
491 587
611 370
365 60
560 491
399 354
69 976
642 267
839 484
143 521
706 555
179 646
768 428
453 783
369 424
941 157
987 383
365 268
169 720
445 437
313 15
776 905
365 776
931 137
842 819
137 140
490 995
9 313
547 125
96 22
239 973
256 676
818 830
423 988
974 849
212 504
612 939
437 678
251 830
323 807
217 701
632 683
100 510
9 248
344 804
384 19
258 750
136 187
321 162
643 195
409 252
408 123
755 353
374 978
29 973
780 987
710 798
885 575
831 139
456 298
515 955
165 465
185 730
721 7
636 151
634 388
848 681
413 100
601 439
764 48
170 418
693 563
452 90
617 330
930 851
98 468
95 111
352 656
882 112
831 181
77 969
379 48
594 961
23 832
872 703
145 808
449 934
82 390
173 133
116 300
411 260
852 629
845 580
736 507
13 746
135 693
6 459
855 338
62 618
124 517
916 709
924 277
945 689
39 615
732 90
46 457
793 135
427 74
633 374
377 948
319 22
718 730
787 58
928 674
186 581
544 905
607 310
935 296
399 123
17 71
307 621
594 122
307 947
699 313
302 543
249 668
872 733
802 364
319 761
262 811
678 424
344 522
196 637
139 267
748 250
422 113
151 514
31 528
144 720
962 759
398 980
545 533
854 261
229 616
827 251
626 247
32 549
657 365
70 222
975 888
13 968
882 740
233 725
582 141
183 847
572 99
868 65
131 441
840 712
942 380
771 573
637 174
871 179
551 336
815 443
53 217
194 227
825 22
940 689
288 844
6 821
542 649
339 121
528 1
158 996
921 245
322 714
375 732
753 561
40 481
498 843
838 311
362 555
105 428
195 946
422 325
571 628
956 552
950 752
831 512
693 777
315 914
242 63
793 17
550 911
999 62
611 455
746 53
866 945
870 924
520 196
440 195
127 500
92 702
366 778
698 334
364 295
856 911
293 398
308 200
419 589
194 348
699 395
778 107
466 540
669 820
887 587
896 287
79 3
673 840
64 747
883 22
238 43
704 27
128 962
65 475
918 410
205 261
446 828
113 19
522 130
330 818
382 427
874 186
426 61
742 669
278 794
183 118
496 596
924 323
359 369
709 960
567 708
653 118
721 377
589 407
987 667
188 822
306 769
439 504
58 56
826 126
8 75
968 638
60 910
989 785
969 575
951 357
17 617
269 940
393 532
852 325
231 273
310 763
101 541
207 226
64 289
897 611
229 814
879 785
644 16
15 645
757 249
771 838
495 65
225 343
776 315
122 317
719 208
106 82
370 729
52 23
42 458
226 748
124 61
101 658
437 205
562 13
989 123
80 250
895 617
769 628
284 330
1 755
462 262
15 208
806 668
896 668
194 731
10 303
307 277
20 933
227 492
209 265
24 924
381 689
767 113
209 172
561 877
575 443
119 47
14 310
510 349
478 985
172 298
796 127
275 187
806 251
608 647
743 131
74 803
839 82
754 868
882 810
717 187
856 187
45 904
703 120
122 28
331 906
651 354
431 796
864 265
939 999
231 83
756 68
212 768
547 731
634 701
534 190
814 820
361 288
954 466
564 893
985 569
989 205
80 150
517 554
27 853
654 375
930 684
857 151
747 155
853 504
299 953
844 802
732 600
703 938
385 180
556 289
985 579
535 833
719 890
190 584
578 888
275 403
629 181
870 828
959 99
290 697
679 995
766 970
973 102
838 244
933 359
954 669
409 67
607 434
435 843
595 818
219 513
817 630
891 442
508 606
71 681
56 66
626 807
428 77
521 102
163 558
456 361
940 346
648 680
977 407
30 755
636 985
390 97
171 880
549 758
275 47
112 115
90 98
876 321
439 94
365 89
395 821
950 867
389 826
924 922
714 460
348 759
251 935
321 654
518 381
983 79
862 559
635 59
134 141
915 212
72 727
776 989
707 174
457 908
293 32
412 633
703 937
374 666
440 141
459 984
623 211
844 806
524 834
189 526
215 627
455 324
143 137
442 194
551 527
356 77
741 260
263 123
149 491
71 505
60 254
107 392
603 449
894 464
677 216
901 382
116 840
533 53
366 262
241 592
92 127
586 596
901 985
212 274
752 384
163 886
912 650
551 613
639 980
664 610
316 244
530 586
873 579
878 507
525 744
524 576
271 51
181 843
327 784
266 781
757 68
820 774
420 485
358 303
343 98
933 413
929 39
572 874
74 873
365 434
845 441
817 160
381 280
880 758
25 655
197 652
738 54
519 837
792 152
383 231
907 771
15 653
100 272
998 789
942 162
504 408
386 556
702 938
305 84
649 509
288 349
881 884
681 241
417 760
862 972
569 355
925 849
405 883
508 237
267 919
41 382
582 297
828 909
234 217
570 909
761 106
376 221
9 818
683 367
762 646
64 604
55 133
55 988
442 277
655 423
574 382
256 157
708 449
62 418
614 520
24 422
292 98
805 396
202 281
944 90
953 169
504 46
754 377
857 966
238 289
257 635
931 163
666 233
79 530
158 735
997 523
443 963
393 725
580 672
546 291
766 863
780 319
990 113
749 127
896 39
471 183
76 404
761 566
318 481
720 538
130 740
508 613
127 177
81 711
159 476
56 749
526 888
58 526
341 179
707 850
390 312
279 417
932 148
397 187
392 160
961 713
416 225
691 405
861 104
514 991
248 839
4 176
328 60
844 872
746 625
604 440
959 923
460 525
790 863
656 115
996 806
719 35
449 844
425 622
841 817
163 485
85 947
959 159
931 92
330 50
111 224
360 83
42 87
523 364
540 856
569 464
745 106
69 731
232 273
920 593
266 355
96 15
775 434
545 780
575 837
174 227
209 734
198 669
58 241
105 251
353 459
725 557
16 465
448 533
607 623
480 359
976 498
978 714
954 472
777 505
173 368
32 150
902 97
705 813
221 298
352 260
162 222
159 686
909 67
715 931
16 691
88 235
325 485
816 118
581 13
248 607
142 191
265 701
794 406
378 21
832 878
28 991
932 315
901 717
818 941
94 174
754 791
322 241
446 630
925 409
977 309
484 143
267 389
869 147
116 576
720 486
145 475
352 640
472 36
112 978
930 981
801 218
568 603
36 239
902 361
82 807
823 833
786 392
227 281
792 693
374 463
482 247
997 461
709 673
830 162
596 60
338 898
376 500
522 82
549 350
203 717
339 541
648 179
499 267
945 177
92 182
344 735
790 873
575 738
480 672
608 823
506 475
568 498
173 287
608 886
299 677
594 176
330 125
668 718
83 191
603 673
956 169
579 723
108 794
82 895
566 397
7 335
303 824
309 518
611 576
182 771
854 671
498 204
525 938
955 107
886 8
731 771
478 507
952 580
947 992
343 555
8 926
259 264
173 357
888 502
469 114
469 985
357 72
974 150
955 810
281 696
885 787
179 95
165 460
963 621
94 971
153 311
816 171
540 381
271 101
458 609
589 334
173 775
948 57
208 509
135 279
539 933
150 977
520 906
47 900
876 837
380 313
914 334
623 118
225 366
729 702
46 565
444 342
902 979
447 656
324 118
386 171
353 131
389 903
347 846
204 380
553 308
208 111
823 758
876 738
681 996
287 630
182 188
604 579
863 919
108 169
284 925
900 975
441 648
208 722
48 871
583 430
200 794
831 676
945 777
289 118
315 789
383 346
61 3
629 191
61 385
806 508
843 285
551 599
962 893
923 593
754 514
366 596
682 318
95 820
363 355
303 366
549 457
654 937
806 797
535 339
729 721
90 461
563 762
258 922
874 137
650 577
795 866
92 504
300 881
124 382
256 856
414 84
774 625
328 120
932 333
12 507
592 72
966 835
623 208
735 187
457 316
956 408
814 186
232 587
916 673
722 480
347 436
111 536
420 675
145 516
457 513
741 710
618 692
71 748
219 323
511 101
445 86
363 20
574 927
52 343
443 919
607 446
982 210
267 964
423 440
832 749
392 547
945 936
781 702
359 52
944 414
625 223
149 134
557 274
598 469
529 351
374 27
536 840
253 287
451 628
462 992
335 246
124 150
234 449
313 414
374 482
779 669
328 109
792 205
336 488
455 894
263 259
813 172
392 338
569 789
694 135
710 545
565 863
832 432
264 660
162 834
311 740
580 436
795 472
428 817
726 77
190 695
158 637
846 802
300 802
638 481
423 256
968 741
910 580
382 308
765 555
474 260
799 623
671 582
628 26
16 212
454 677
508 84
112 248
951 565
811 271
902 951
502 473
656 602
254 484
985 348
737 54
925 258
555 785
56 64
442 972
155 964
940 783
765 856
62 212
288 724
63 622
93 666
795 99
560 89
555 389
157 966
324 408
684 588
783 269
352 904
500 337
405 71
667 599
871 461
80 255
863 260
845 157
32 240
788 473
801 292
794 653
216 723
644 858
737 56
849 192
150 753
145 100
525 277
537 556
878 226
716 719
790 168
600 998
196 66
548 410
421 758
630 589
901 432
45 741
588 538
657 774
731 239
697 179
26 206
658 756
938 991
21 842
881 830
418 231
985 835
38 347
443 882
41 168
468 537
860 474
431 450
480 875
2 117
28 55
471 95
777 587
428 261
56 616
294 622
837 276
456 508
730 589
513 733
599 820
670 128
98 164
901 605
985 145
147 188
15 375
715 806
159 795
398 70
988 802
369 868
116 337
330 215
502 871
379 534
803 364
604 695
173 800
908 578
816 702
735 438
793 579
601 273
705 394
871 594
857 87
566 703
369 722
430 574
336 441
718 193
383 284
133 758
139 167
599 702
55 724
614 876
582 62
728 593
65 286
812 871
635 404
440 290
798 491
400 683
79 485
326 167
580 113
883 409
189 479
649 15
769 929
775 942
591 746
104 638
997 273
861 513
373 433
547 269
178 967
301 532
642 791
660 921
576 225
901 677
217 283
776 524
673 463
472 973
417 380
796 588
314 381
907 349
431 475
158 288
476 76
364 580
524 61
73 838
723 167
614 363
24 159
184 37
503 694
316 830
352 48
101 607
171 158
835 683
327 857
402 285
364 620
454 356
842 197
371 297
301 998
933 572
144 18
827 815
668 113
184 227
642 557
887 434
151 203
965 763
89 704
18 616
283 121
55 282
560 805
946 647
207 806
314 389
916 17
427 373
567 810
109 410
91 481
716 690
719 247
256 60
994 942
665 958
353 348
616 198
172 354
858 291
2 963
59 600
434 137
868 603
850 18
904 372
543 961
208 266
372 572
290 751
368 289
11 730
936 743
511 648
403 970
758 281
847 597
942 597
134 402
401 245
790 515
337 855
60 371
596 429
384 156
859 939
174 494
377 127
808 12
323 129
224 267
600 685
85 190
923 298
549 671
283 559
692 390
381 948
967 956
757 512
26 783
848 479
338 187
270 58
761 709
355 783
192 611
516 970
15 568
296 63
949 239
823 100
604 895
77 579
315 843
508 934
443 513
737 228
503 662
438 958
357 195
925 682
466 983
995 12
724 326
404 421
264 401
38 544
430 677
607 923
406 638
260 563
188 610
884 865
892 365
331 79
989 688
87 179
192 797
833 407
62 687
462 707
853 256
731 127
516 795
208 988
317 209
600 851
607 285
712 302
301 229
103 872
872 966
370 944
192 987
40 551
101 495
692 145
968 60
305 348
591 396
969 734
611 35
819 521
755 587
580 811
30 644
622 879
944 127
419 578
15 142
636 703
914 191
358 575
950 970
939 972
663 239
992 937
655 177
848 10
1 309
855 487
268 777
890 981
166 636
785 529
225 493
302 163
197 369
465 668
724 360
572 506
925 368
268 211
829 746
89 617
66 799
439 707
164 263
262 975
322 287
36 460
323 149
42 167
225 255
541 936
382 171
902 305
931 702
345 610
664 145
152 105
859 597
835 175
253 945
597 250
81 355
307 100
650 631
124 314
977 627
425 34
204 78
13 457
580 905
505 697
570 767
98 653
762 183
781 980
497 815
704 254
640 61
747 47
897 14
897 699
43 557
866 818
225 229
889 428
526 371
512 459
768 350
649 189
738 942
479 117
845 275
803 590
831 547
419 445
3 656
127 294
410 284
413 232
551 577
126 523
336 172
493 198
325 634
638 803
803 428
735 296
789 811
837 684
901 283
601 377
616 203
476 906
928 587
418 949
573 736
904 925
138 712
204 735
458 616
675 680
520 979
674 481
983 160
216 118
118 893
596 349
674 462
996 198
510 710
69 732
854 662
568 233
454 350
313 690
464 930
495 426
193 268
297 54
159 189
173 231
755 796
584 768
54 29
240 527
626 700
638 962
549 647
748 339
970 247
667 161
656 473
254 851
356 255
607 278
874 588
920 388
230 655
499 864
704 925
627 886
794 622
220 217
970 384
744 21
697 238
549 888
550 962
767 287
354 146
61 622
86 694
186 501
523 850
371 431
799 954
232 349
791 248
776 504
813 70
175 666
553 743
101 161
477 56
966 128
145 816
695 282
596 362
603 857
606 131
682 391
617 979
474 899
525 32
260 139
487 79
737 334
146 901
974 303
736 800
287 414
360 993
623 347
562 666
828 385
244 574
847 243
794 25
857 662
135 280
204 839
262 877
482 712
757 398
225 29
501 178
731 351
157 152
43 661
257 211
334 330
999 497
741 670
98 321
179 728
677 371
319 627
367 727
153 263
295 469
955 76
271 127
628 432
276 630
137 940
513 747
169 960
928 967
62 608
553 5
625 432
505 364
365 119
245 673
817 562
944 190
449 289
937 930
97 927
972 476
810 118
885 426
218 726
139 29
944 839
755 461
939 271
270 713
665 101
356 952
55 994
92 18
284 930
273 813
992 602
168 761
149 773
912 287
963 514
280 960
81 705
78 86
5 59
89 708
787 349
215 642
167 426
921 369
849 675
802 336
870 733
662 189
10 426
378 704
56 819
752 925
108 676
706 723
893 845
595 249
756 440
882 823
404 138
882 137
320 558
555 668
417 148
938 437
395 855
277 996
141 424
761 730
726 373
824 116
113 892
886 430
798 711
84 381
722 484
986 741
387 623
797 446
70 157
664 444
625 298
880 125
986 692
954 868
240 218
833 347
773 584
231 540
248 178
772 875
771 447
871 602
712 339
294 817
662 545
123 901
892 996
844 220
442 534
727 566
382 787
759 507
913 730
218 865
793 960
648 641
769 676
314 350
898 861
545 26
3 35
939 747
857 439
871 76
240 889
697 831
344 543
374 879
176 348
472 359
477 703
997 956
909 809
817 403
438 543
708 855
681 977
457 911
989 717
229 646
430 857
424 826
453 606
202 742
198 19
408 57
605 105
583 459
323 417
47 219
613 679
643 542
163 573
567 891
647 764
115 550
911 25
518 65
971 936
728 655
684 307
403 241
118 325
92 867
339 504
764 575
402 957
18 483
701 418
7 662
110 497
805 877
363 966
481 749
822 493
405 663
75 191
24 169
824 242
7 687
887 27
474 884
311 817
19 39
427 708
995 792
34 543
277 74
952 562
477 836
327 152
109 11
856 742
370 368
936 910
603 613
276 446
726 376
494 256
103 150
155 268
786 948
381 516
551 379
174 423
663 277
761 917
814 267
980 975
801 119
49 428
113 891
727 170
292 8
225 554
78 564
610 104
979 614
800 195
445 590
813 87
712 689
51 754
589 997
981 230
952 418
211 354
720 947
964 258
533 151
621 983
835 908
18 301
121 211
529 318
39 466
350 124
881 595
182 293
630 304
653 399
320 966
821 832
634 313
579 366
487 913
604 722
476 967
577 339
459 162
839 696
827 645
441 841
953 1
506 806
327 331
736 879
832 853
100 804
407 190
155 488
838 494
778 677
617 999
382 144
551 934
546 606
315 719
980 936
700 767
747 354
105 496
955 750
211 184
352 92
363 911
823 923
802 310
436 381
656 710
297 175
598 754
31 667
638 223
399 660
610 477
229 112
414 280
134 631
364 328
878 837
81 651
702 790
445 470
285 731
525 491
214 898
303 792
113 603
806 559
256 981
403 770
995 732
992 232
727 708
714 737
249 162
500 139
209 875
104 171
28 722
947 703
658 421
494 716
64 71
482 159
194 265
304 157
900 440
103 823
922 820
752 606
363 805
484 751
588 634
716 87
355 278
715 75
786 749
294 426
134 235
843 159
731 588
996 906
305 140
3 837
300 652
881 482
836 472
846 864
612 672
66 791
778 637
412 561
578 38
348 512
925 975
639 989
961 613
722 250
577 737
449 42
199 562
517 309
490 795
430 930
588 351
746 358
247 950
4 901
405 851
690 311
304 935
340 706
147 16
969 604
976 245
166 628
478 953
214 485
62 539
53 855
869 170
484 367
729 525
202 821
72 394
891 630
917 912
949 185
422 27
961 926
248 24
647 387
680 178
290 773
737 236
763 931
105 362
455 955
735 472
403 312
513 595
724 756
47 669
490 394
112 461
996 676
894 692
389 78
83 882
300 662
913 479
208 74
935 158
405 210
147 791
108 21
363 352
440 231
193 784
318 395
645 955
142 156
518 167
652 738
32 754
755 340
329 650
980 343
936 831
763 877
365 799
402 887
813 804
664 359
834 822
446 133
436 479
625 160
239 121
145 389
956 84
765 607
156 612
882 597
567 941
707 355
796 645
362 45
599 15
330 137
863 726
659 869
481 707
722 948
222 212
812 154
372 226
441 225
538 747
986 857
13 128
929 855
530 888
936 29
751 705
985 387
638 588
562 210
955 206
267 901
746 685
784 232
422 526
816 822
550 110
120 665
730 853
894 49
743 442
617 567
520 120
983 755
946 651
191 756
128 823
28 734
739 344
183 900
955 679
529 541
178 654
132 633
205 756
248 115
149 69
264 95
505 581
196 227
906 545
97 413
651 551
589 344
924 466
134 714
727 546
188 731
478 479
933 345
577 822
289 736
832 733
682 189
240 469
189 327
672 964
334 901
463 992
717 237
339 501
797 126
997 74
159 609
325 524
276 508
616 783
834 800
439 283
588 273
262 539
699 353
91 730
530 378
23 645
52 759
941 632
266 487
89 570
732 978
956 757
790 144
571 994
323 694
802 653
426 615
688 453
54 258
42 124
659 203
725 243
181 607
338 437
162 705
532 375
555 431
130 650
198 337
807 795
326 283
71 779
201 750
366 324
136 827
747 617
861 493
468 733
415 528
928 594
1 250
27 580
68 34
295 930
1 142
245 111
890 970
732 270
501 275
765 981
897 808
550 722
909 621
375 63
700 3
942 206
429 976
943 589
553 613
504 837
181 501
320 792
545 164
353 85
373 892
311 236
978 496
889 678
192 898
41 524
780 666
411 363
913 729
804 181
922 488
580 611
326 251
315 891
36 331
284 360
267 391
479 685
643 623
451 524
635 152
941 521
207 847
278 688
971 59
723 561
904 751
387 348
393 894
210 947
666 312
99 750
198 617
872 371
350 142
122 749
673 375
76 114
727 419
797 812
799 739
721 716
491 819
346 935
946 548
101 180
438 853
231 8
577 961
459 658
595 759
478 368
649 579
147 425
460 632
86 999
563 911
407 625
390 997
786 220
863 106
841 562
919 908
117 828
962 499
653 901
99 411
892 669
678 651
907 819
704 288
90 721
330 597
905 982
855 367
240 363
236 87
968 121
743 839
668 260
909 406
359 993
806 100
437 772
998 628
816 195
234 348
638 546
202 283
856 397
297 404
419 212
94 616
565 100
77 8
371 414
623 240
525 810
294 548
54 492
508 356
532 102
836 687
874 9
567 206
913 210
227 844
482 430
337 66
595 751
556 192
192 250
661 869
617 282
291 117
935 166
327 24
649 886
926 74
547 70
383 684
429 761
974 386
404 809
194 172
52 886
956 896
947 288
35 565
414 335
325 353
533 697
723 231
108 808
345 695
737 66
525 371
284 439
711 125
375 243
363 813
629 348
531 17
839 877
335 490
783 480
793 132
948 910
198 296
77 240
747 274
591 704
156 827
637 149
730 929
52 949
850 894
520 252
749 90
989 417
86 857
31 566
664 680
343 699
26 489
509 198
671 849
954 546
315 862
922 222
861 270
301 9
214 695
766 258
600 965
913 890
151 95
568 243
194 988
409 860
107 439
608 355
20 36
618 590
554 210
899 876
69 563
911 594
79 443
711 528
53 481
177 163
827 584
530 497
324 79
743 86
236 685
590 537
617 37
291 466
929 2
201 928
714 720
608 224
930 757
397 400
736 502
897 283
221 299
215 67
477 311
919 56
418 57
149 258
259 467
749 435
254 404
954 349
699 688
464 378
296 308
681 835
151 391
468 129
27 554
984 902
713 797
560 652
531 326
869 51
303 256
104 960
377 250
603 16
270 496
581 613
114 245
983 369
414 557
277 704
172 999
334 825
398 486
208 83
546 329
154 657
195 693
828 917
996 195
62 731
573 109
380 521
610 228
736 279
843 436
357 58
216 461
961 770
35 207
427 282
969 236
562 843
595 210
613 126
638 114
624 701
21 381
862 739
617 53
36 852
628 224
743 361
121 445
790 986
194 894
436 964
863 625
219 136
838 227
548 6
618 743
408 118
636 751
831 199
488 952
72 713
269 136
925 465
936 57
829 753
922 737
612 989
854 113
668 673
110 975
718 761
56 702
148 623
258 575
993 127
188 341
227 33
979 686
589 186
796 822
79 158
512 410
846 630
693 500
362 402
692 123
528 439
447 609
692 548
329 793
347 44
207 617
554 16
658 156
136 467
906 713
693 466
673 629
792 378
611 827
86 340
674 24
3 156
482 84
273 555
440 230
175 449
910 411
799 221
639 54
4 357
375 929
850 68
763 171
661 174
78 645
710 553
314 507
87 324
822 154
168 613
87 80
914 292
896 660
843 737
863 35
967 247
715 816
224 422
750 341
140 977
56 623
239 432
543 555
339 722
66 714
400 251
912 539
641 959
284 212
636 730
275 533
915 780
619 424
212 607
584 693
35 395
608 584
103 709
341 279
944 441
907 896
496 352
453 848
188 86
962 221
498 203
872 416
614 632
373 793
189 463
779 127
178 416
416 344
112 956
505 193
134 663
920 454
515 625
415 792
908 989
25 720
166 896
765 140
876 930
261 864
141 268
181 410
95 653
269 81
473 330
25 268
188 892
86 323
695 596
868 841
40 319
936 657
427 457
907 479
667 691
284 475
924 834
813 689
733 537
681 527
955 4
791 860
563 776
758 285
679 573
873 286
781 239
442 434
57 258
928 8
967 263
956 685
376 605
332 518
295 814
575 703
712 179
578 64
155 523
852 900
978 680
550 961
879 193
697 217
35 977
54 650
223 565
914 580
11 574
396 861
425 735
343 400
994 236
60 338
879 699
791 125
743 782
153 356
837 654
301 690
739 466
44 875
577 298
162 669
23 435
207 40
266 811
606 798
299 324
665 500
525 831
530 791
866 745
83 847
910 751
954 725
429 790
732 356
84 449
466 549
334 112
396 960
658 18
768 880
615 646
343 871
452 679
12 551
61 135
820 678
696 243
725 342
786 82
382 215
688 559
214 514
626 906
140 961
54 205
155 156
129 726
95 788
530 971
200 987
892 27
724 40
754 242
770 492
766 514
652 894
786 637
291 514
271 34
609 794
894 898
754 111
42 79
211 711
30 284
555 953
592 168
397 385
563 948
975 84
348 514
53 42
889 179
702 403
679 351
210 391
224 299
524 191
239 534
116 56
615 87
426 606
644 834
432 2
929 216
664 891
486 885
258 6
157 225
435 346
933 882
234 440
722 365
132 193
649 62
433 65
747 326
338 720
588 653
204 269
228 951
547 456
566 310
669 411
548 509
95 261
571 464
768 33
453 658
855 997
419 882
420 164
506 432
511 837
642 581
428 91
603 201
185 163
614 739
565 329
127 162
885 125
845 849
910 8
507 86
960 463
853 147
419 29
519 387
736 286
391 638
210 834
109 451
912 781
390 223
511 547
528 39
21 532
290 691
564 864
419 924
43 601
227 461
822 856
146 603
846 608
602 493
902 948
670 682
950 354
455 460
742 89
790 818
200 954
63 33
981 507
191 74
534 827
162 814
993 609
410 208
363 867
866 26
20 241
646 637
853 205
486 370
990 174
922 273
439 989
820 372
245 162
422 656
639 984
30 858
44 563
804 392
509 432
976 536
594 201
706 586
222 2
745 887
93 779
813 510
361 704
442 495
865 86
243 261
210 880
758 336
700 966
697 329
38 394
955 247
478 449
343 60
433 259
984 201
672 296
73 60
782 69
201 3
564 518
225 373
71 788
241 743
15 406
996 60
550 681
145 14
364 879
901 880
350 416
378 121
843 897
505 248
14 316
638 704
788 286
371 644
806 118
398 791
576 497
425 550
767 992
754 582
537 136
56 336
966 685
820 6
308 243
263 700
931 383
530 620
645 308
722 278
282 688
260 625
428 429
928 296
347 533
529 467
395 105
747 539
182 912
414 422
911 477
325 81
506 216
212 159
827 159
817 724
568 291
473 279
953 895
803 668
741 332
354 85
729 30
44 860
351 782
319 966
187 871
245 595
925 84
446 212
856 554
782 539
51 534
523 759
282 365
729 549
381 923
544 820
395 500
995 833
661 657
899 154
46 500
996 815
10 120
512 880
883 667
265 280
690 929
911 160
384 721
609 308
187 321
121 454
190 373
600 292
806 496
127 727
290 241
58 94
871 618
550 362
424 38
571 556
380 444
993 618
893 996
300 814
663 896
51 719
948 446
691 164
369 90
483 131
745 395
525 3
637 224
952 823
108 416
889 727
447 593
290 954
249 73
218 904
622 723
400 435
650 74
692 146
459 611
944 86
560 931
722 454
984 785
749 831
23 681
532 59
397 231
317 771
671 19
60 924
337 687
380 723
192 684
749 829
125 143
393 395
41 705
641 292
201 792
63 146
756 691
391 199
230 944
385 943
278 291
132 682
446 406
498 944
670 970
321 423
515 721
685 250
21 694
38 999
443 547
759 220
547 354
370 683
308 386
275 506
701 991
114 724
938 388
278 208
497 974
268 469
987 864
555 9
26 404
513 892
120 515
925 345
251 802
623 422
383 502
989 354
974 228
405 912
127 396
849 794
271 902
171 55
54 405
177 56
394 111
5 609
202 979
579 913
555 205
431 183
560 279
309 442
3 303
716 562
889 369
294 575
431 304
267 589
416 871
203 625
599 605
284 214
319 773
917 4
367 329
154 214
211 493
698 954
389 562
449 154
394 254
155 803
380 850
74 935
891 317
206 130
505 607
165 608
48 318
405 839
965 331
927 98
346 905
864 976
973 739
488 827
413 119
377 864
974 534
54 283
602 54
809 273
918 809
667 897
540 373
614 286
350 34
851 378
425 336
810 323
165 590
73 83
5 594
874 340
750 706
660 721
883 905
222 131
494 814
516 311
349 315
722 218
948 207
930 476
913 524
918 853
73 619
984 191
561 566
636 814
953 738
516 83
627 904
451 239
4 73
495 283
148 83
3 578
976 696
573 990
161 578
746 658
738 96
361 777
480 671
903 40
910 766
456 80
582 317
647 207
814 282
690 765
931 963
48 631
529 685
926 181
917 268
77 620
567 271
631 216
740 128
700 974
182 437
220 141
795 799
410 905
421 93
763 540
94 862
725 728
536 710
521 276
102 382
809 543
384 5
81 134
776 97
796 817
86 307
657 74
82 432
130 318
404 277
988 514
902 330
916 67
139 429
247 629
366 190
545 758
839 195
593 516
867 872
933 672
752 644
649 657
993 462
208 345
139 143
980 858
79 858
474 13
339 164
559 392
527 942
294 123
411 117
917 83
930 59
870 473
320 554
347 835
289 136
329 352
654 447
156 78
313 36
538 740
425 183
666 447
302 861
876 490
368 630
886 978
693 327
552 186
409 585
14 957
680 8
822 240
581 33
729 458
442 261
777 833
528 779
51 53
687 665
664 339
379 909
413 597
906 335
475 574
32 494
36 272
103 271
903 940
886 73
326 189
101 54
28 71
612 84
149 183
966 391
566 860
576 601
308 957
202 365
794 131
926 603
577 878
307 759
572 177
993 843
43 147
600 754
340 868
240 778
33 857
461 349
592 986
678 837
974 813
787 304
287 946
294 850
99 790
493 324
683 625
110 191
485 621
221 881
987 260
542 494
922 549
951 539
617 713
506 11
712 396
878 819
586 421
191 333
912 799
87 561
645 366
261 909
570 896
62 462
865 824
685 186
316 753
631 378
138 569
460 706
887 70
311 51
588 782
321 498
59 750
901 858
253 18
868 364
646 426
646 317
318 827
739 324
706 249
104 520
603 277
225 795
856 707
225 539
982 517
673 281
490 786
138 555
513 462
391 560
528 123
307 542
527 172
899 269
733 136
790 367
57 501
343 966
511 631
657 510
870 450
258 727
247 432
75 310
696 822
904 377
127 898
690 515
827 930
112 629
68 200
371 376
121 768
394 906
789 881
136 253
959 973
81 165
836 257
82 72
238 210
85 934
18 155
779 606
743 221
884 180
84 154
253 547
618 372
70 761
236 793
564 193
702 224
952 565
140 338
472 371
607 968
86 420
805 313
346 319
90 957
348 632
104 127
590 207
409 433
902 167
677 359
730 15
892 934
417 284
884 235
504 782
558 475
739 311
83 518
809 374
347 887
514 77
136 536
68 235
305 300
547 216
826 197
849 214
206 165
854 997
453 614
841 593
313 463
640 226
261 524
633 385
670 409
498 166
190 848
615 151
855 28
259 519
403 893
151 214
455 834
530 141
152 747
993 907
309 802
912 978
164 500
183 457
936 944
958 928
786 640
310 10
631 494
997 960
714 609
762 326
814 60
239 752
837 854
33 389
438 242
221 578
608 921
2 493
405 714
290 638
36 530
446 253
528 263
423 872
638 993
995 126
182 529
209 312
693 151
14 943
865 956
290 206
179 252
265 438
386 54
854 367
727 471
308 366
722 889
594 985
14 183
157 869
161 442
41 737
294 759
298 871
593 282
949 543
763 546
4 664
111 853
97 49
79 695
890 856
720 96
388 769
284 991
144 207
891 570
417 693
42 574
559 832
910 361
766 395
726 155
24 407
855 734
316 923
438 583
5 844
78 176
215 612
227 15
378 61
714 139
927 924
175 267
381 709
715 168
25 691
354 214
850 361
521 666
97 605
569 388
4 646
541 830
387 707
185 558
393 508
432 353
755 266
669 183
855 676
843 73
644 608
21 189
471 210
568 429
776 562
641 213
345 300
800 992
966 125
281 497
536 968
670 655
786 585
891 930
297 113
794 212
661 471
300 538
982 306
283 892
475 850
307 470
795 15
144 429
464 826
176 884
989 371
689 133
196 288
93 446
983 595
402 360
546 875
774 5
158 438
138 787
678 153
125 327
304 738
611 588
214 141
122 105
785 319
508 254
36 941
59 796
712 868
198 223
427 130
753 121
843 484
573 250
625 77
269 405
961 161
130 901
863 759
940 214
32 654
984 523
94 31
56 107
671 727
598 746
597 883
922 60
704 688
294 339
43 439
447 120
105 744
694 436
169 39
666 713
531 661
270 400
67 590
363 640
39 127
281 493
967 766
781 871
746 541
265 795
723 987
447 89
915 421
41 888
471 672
663 140
832 898
630 897
619 105
175 131
291 690
778 895
43 521
827 888
213 945
222 14
739 501
238 439
372 376
423 392
269 338
570 234
317 971
280 748
917 808
160 589
676 632
82 331
472 909
857 432
644 928
844 853
25 970
988 247
851 97
207 375
312 375
562 188
993 263
221 231
175 528
233 938
642 983
340 796
22 750
200 344
743 151
842 533
538 115
926 774
510 604
251 131
663 412
905 912
314 712
933 708
674 155
284 495
435 25
426 808
439 547
188 523
52 57
944 36
849 949
266 627
617 362
82 370
518 92
219 683
306 409
484 428
497 816
637 592
567 86
905 554
4 158
920 762
470 912
736 263
556 31
151 443
356 806
259 290
573 964
5 208
968 299
391 948
694 305
774 982
302 524
365 375
970 13
912 254
223 919
513 385
13 683
242 544
159 725
531 164
997 63
325 443
642 796
349 863
428 122
148 81
522 478
101 931
837 822
544 651
733 772
518 311
77 530
688 802
310 321
59 818
430 365
56 314
522 777
518 478
281 355
274 615
904 168
665 960
755 739
189 768
259 194
485 713
948 197
348 750
682 103
795 727
333 438
466 20
44 405
90 186
147 100
142 821
672 885
850 641
107 610
428 938
915 854
129 66
631 924
581 985
679 178
957 516
18 761
553 365
706 93
323 758
913 980
948 450
710 737
345 686
148 539
841 823
466 330
913 843
622 493
638 369
327 391
73 482
739 54
977 548
8 803
945 907
994 60
362 867
165 128
614 778
149 886
474 92
8 780
104 438
568 418
933 308
854 680
256 196
471 990
646 759
518 517
902 19
350 466
267 398
159 46
411 342
173 764
235 255
802 774
604 981
370 402
454 704
300 481
162 155
118 127
14 267
233 383
937 567
165 872
71 302
287 573
713 259
377 39
473 292
312 785
397 628
638 547
927 919
489 25
348 969
221 885
308 710
196 794
589 744
464 260
36 359
754 635
336 896
538 458
276 141
782 249
930 681
247 677
637 32
290 461
303 373
912 950
815 973
477 516
654 27
461 380
315 518
733 788
486 513
253 221
16 778
167 794
569 86
671 737
559 466
435 542
409 288
675 122
923 76
575 383
608 226
564 421
658 655
246 599
558 878
190 881
831 416
944 538
342 479
111 950
736 72
356 112
250 23
993 562
653 905
435 937
253 617
408 549
599 665
537 828
542 765
925 754
108 160
850 675
855 882
613 446
543 120
197 343
153 712
696 132
637 702
648 488
43 669
844 282
135 592
442 247
500 829
183 825
72 639
983 285
236 380
714 59
572 292
837 965
897 168
828 611
44 712
581 112
283 778
67 471
128 833
892 594
573 891
353 317
7 769
316 418
639 736
604 298
797 42
961 96
501 17
300 141
638 837
571 907
879 567
872 508
83 349
731 743
539 459
561 865
546 16
324 296
374 996
326 740
818 715
964 658
775 975
768 103
101 531
981 462
678 541
89 996
516 364
544 28
183 840
994 792
838 205
82 422
745 621
476 591
860 903
901 296
245 241
699 213
755 571
376 976
357 76
313 626
578 33
409 98
544 461
302 24
462 698
839 673
483 773
164 10
529 850
283 267
472 628
153 62
860 345
985 720
953 98
831 468
54 520
975 143
818 572
750 126
595 324
981 867
780 93
832 207
293 445
706 990
455 502
888 657
197 143
830 776
603 409
789 886
374 44
43 24
754 417
905 385
99 239
132 101
865 121
586 299
186 527
22 150
314 696
127 791
362 462
208 87
469 739
13 292
886 653
662 394
875 709
603 662
243 577
290 750
308 379
548 915
926 390
568 885
876 367
176 458
293 490
893 376
177 382
872 592
804 779
883 721
832 908
886 809
868 646
18 310
682 891
747 239
457 153
75 696
496 930
153 527
292 508
475 740
622 183
676 531
638 489
950 70
326 355
741 396
959 82
784 961
536 578
289 341
488 312
856 769
129 224
666 472
726 564
294 350
578 388
965 43
817 281
288 873
596 167
654 993
693 166
522 423
730 788
674 657
722 750
390 472
890 302
197 674
307 951
197 63
968 796
582 619
371 756
140 687
353 756
407 853
943 567
14 839
599 896
825 443
668 92
152 994
268 319
27 428
399 262
910 276
64 583
351 604
280 975
124 638
819 817
181 927
495 490
896 777
92 932
542 553
153 501
873 313
418 277
769 279
498 436
153 202
320 450
845 154
780 753
449 868
549 36
232 104
287 534
653 56
953 803
764 203
217 737
83 470
947 376
293 639
325 316
344 490
661 352
385 641
431 599
835 552
593 753
247 532
722 122
415 413
427 890
194 886
288 406
700 906
784 800
183 207
369 393
309 508
340 3
958 913
80 138
598 155
706 772
700 154
836 232
604 741
618 365
669 113
404 38
328 462
572 377
745 114
640 52
568 244
316 215
291 36
31 727
89 404
477 996
627 555
302 959
423 688
396 228
140 924
916 806
124 177
33 665
920 514
29 302
520 248
499 992
436 251
621 225
752 829
300 856
135 830
89 919
243 102
136 987
769 936
572 92
843 848
65 883
138 261
119 654
51 712
559 965
570 810
381 833
466 279
143 702
731 964
159 92
646 665
618 41
549 772
261 801
829 517
411 141
954 158
112 240
361 931
20 578
667 158
470 394
757 130
761 483
339 379
519 807
959 391
257 753
980 457
920 296
583 901
931 310
194 185
431 364
801 378
934 478
391 874
745 437
423 717
919 237
800 941
306 353
125 592
879 340
888 580
694 409
872 306
629 779
724 706
967 884
668 982
1 897
423 619
457 639
406 10
837 783
554 964
798 52
731 590
668 553
167 983
312 667
222 641
597 836
687 635
463 295
25 385
701 864
714 464
624 17
651 175
549 637
815 283
458 106
425 132
707 2
684 916
108 823
627 975
14 636
241 890
939 686
82 203
822 290
472 339
636 651
266 915
908 297
825 534
326 99
997 518
879 958
758 177
461 206
825 699
810 140
780 786
324 319
677 355
637 971
532 320
467 460
840 731
35 585
690 336
202 366
100 816
828 669
734 952
591 320
941 913
468 490
587 646
567 962
597 615
423 368
83 284
730 157
773 407
811 74
349 275
892 297
196 318
205 979
123 736
120 648
933 127
900 582
615 556
188 465
703 204
220 346
693 358
525 664
995 654
229 713
312 613
666 867
514 515
319 509
583 141
622 770
931 535
130 196
649 871
592 621
824 367
220 647
885 493
447 510
260 750
728 145
934 403
648 255
72 59
369 167
808 494
99 564
679 712
80 564
462 463
151 247
129 514
914 346
872 775
676 975
110 396
463 849
163 417
265 296
950 275
617 667
921 418
153 922
696 827
723 700
756 874
330 115
978 486
237 531
905 617
463 981
763 817
463 187
242 340
753 712
814 591
781 433
704 461
898 335
848 250
827 733
208 173
749 485
742 943
948 418
750 523
812 93
722 999
599 133
857 538
161 452
95 30
652 937
656 662
794 576
856 663
535 550
726 582
586 583
548 268
373 798
187 496
316 138
502 240
622 704
965 761
725 63
388 524
492 625
431 770
244 248
527 52
278 840
731 818
763 615
686 673
38 783
373 304
931 159
286 885
667 923
810 102
416 724
493 554
933 659
258 694
